5
120 0

0 142 110 67 74
140 0 59 103 103
131 193 0 183 183
186 162 157 0 191
184 161 170 190 0

16 0
14 0
16 0
12 0
19 0

800
EP 1 1 2 38 2
NP 2 2 3 173 
SP 4 3 2 193 
EP 6 4 3 76 1
SP 7 5 5 114 
SP 8 6 5 71 
SP 8 7 1 135 
NP 9 8 4 47 
SP 9 9 2 127 
SP 11 10 2 90 
EP 11 11 3 109 4
SP 13 12 2 46 
SP 14 13 2 166 
NP 16 14 4 144 
NP 18 15 3 68 
NP 20 16 4 138 
SP 20 17 4 58 
EP 20 18 4 41 2
NP 20 19 2 197 
NP 22 20 5 84 
EP 24 21 4 71 1
SP 25 22 1 36 
NP 25 23 2 33 
EP 26 24 4 38 5
SP 27 25 4 108 
NP 29 26 5 95 
EP 29 27 5 99 2
NP 29 28 5 139 
NP 29 29 1 116 
SP 30 30 1 90 
EP 31 31 4 117 4
EP 33 32 3 116 2
EP 33 33 1 80 3
EP 34 34 1 164 2
NP 36 35 4 145 
SP 36 36 1 37 
NP 37 37 3 115 
EP 38 38 5 132 4
NP 39 39 5 74 
SP 39 40 4 73 
SP 41 41 2 66 
SP 41 42 5 189 
NP 42 43 4 191 
SP 44 44 4 53 
SP 45 45 3 77 
EP 45 46 2 69 5
NP 47 47 1 39 
SP 49 48 3 148 
EP 49 49 1 51 3
SP 51 50 3 31 
SP 52 51 4 58 
EP 54 52 2 54 4
EP 56 53 1 154 4
EP 58 54 3 65 1
NP 60 55 4 104 
EP 62 56 2 82 2
EP 62 57 2 184 2
SP 63 58 1 156 
EP 63 59 5 106 2
EP 65 60 2 130 1
SP 65 61 4 186 
SP 66 62 3 83 
EP 67 63 4 143 4
SP 68 64 1 91 
NP 69 65 2 40 
NP 71 66 1 106 
SP 73 67 4 91 
SP 73 68 4 86 
EP 74 69 4 39 1
NP 75 70 5 42 
NP 75 71 3 121 
SP 77 72 2 189 
SP 77 73 1 35 
NP 78 74 4 114 
EP 80 75 2 132 4
SP 81 76 2 113 
EP 81 77 3 109 1
SP 82 78 1 194 
SP 82 79 4 121 
EP 82 80 5 164 5
NP 82 81 4 40 
NP 84 82 2 179 
SP 86 83 5 196 
EP 88 84 4 31 3
SP 88 85 1 64 
EP 90 86 2 60 5
SP 90 87 3 33 
NP 91 88 5 148 
EP 91 89 3 61 1
SP 92 90 3 160 
EP 92 91 3 77 4
NP 92 92 1 111 
SP 94 93 5 172 
SP 95 94 2 50 
EP 95 95 5 76 2
EP 95 96 4 68 2
EP 97 97 4 62 1
NP 98 98 5 42 
EP 99 99 1 126 5
SP 101 100 3 167 
SP 102 101 2 151 
NP 103 102 2 196 
NP 105 103 3 162 
SP 106 104 3 114 
SP 108 105 3 174 
NP 108 106 1 33 
NP 108 107 3 159 
NP 110 108 3 177 
EP 110 109 4 133 1
EP 112 110 5 57 5
NP 114 111 3 61 
NP 114 112 4 36 
SP 116 113 5 57 
SP 118 114 5 30 
EP 120 115 4 85 1
EP 121 116 4 64 3
EP 123 117 3 172 5
SP 124 118 5 82 
SP 126 119 2 82 
SP 127 120 4 68 
EP 127 121 1 168 1
EP 129 122 2 160 5
EP 131 123 2 147 2
SP 133 124 3 157 
NP 134 125 2 140 
EP 134 126 2 102 4
SP 135 127 3 35 
SP 136 128 5 119 
SP 136 129 5 44 
EP 138 130 3 156 2
EP 138 131 4 107 3
EP 140 132 1 163 2
EP 140 133 2 198 1
EP 141 134 1 174 3
EP 141 135 1 74 5
EP 143 136 2 47 3
SP 145 137 2 133 
NP 145 138 2 178 
NP 147 139 5 157 
SP 147 140 3 120 
EP 148 141 1 194 2
SP 150 142 4 173 
SP 152 143 5 172 
NP 153 144 1 147 
SP 155 145 1 151 
SP 156 146 3 68 
SP 157 147 4 147 
NP 158 148 2 77 
EP 160 149 1 102 1
EP 160 150 5 200 2
NP 162 151 3 129 
NP 163 152 5 171 
EP 164 153 1 68 1
SP 165 154 4 89 
NP 166 155 5 92 
EP 168 156 3 105 5
NP 169 157 2 120 
SP 169 158 4 149 
SP 169 159 5 121 
EP 169 160 2 160 5
SP 169 161 5 185 
EP 170 162 5 43 5
NP 170 163 2 34 
EP 172 164 5 83 3
EP 174 165 2 134 2
NP 174 166 3 171 
EP 176 167 2 132 2
NP 176 168 5 102 
SP 176 169 3 123 
SP 176 170 3 188 
NP 177 171 2 124 
NP 179 172 5 73 
EP 180 173 5 96 3
EP 182 174 3 118 1
NP 182 175 1 141 
SP 183 176 5 43 
EP 183 177 1 78 1
NP 185 178 3 181 
EP 185 179 4 131 5
NP 185 180 3 111 
SP 185 181 4 53 
EP 187 182 2 105 2
NP 187 183 2 81 
NP 187 184 4 177 
NP 188 185 4 113 
NP 189 186 1 186 
EP 191 187 5 132 2
SP 193 188 3 169 
EP 194 189 2 75 2
SP 196 190 3 124 
NP 198 191 1 56 
EP 198 192 3 109 5
EP 199 193 2 159 4
SP 200 194 3 118 
EP 201 195 1 138 5
NP 202 196 4 112 
NP 204 197 4 31 
EP 204 198 2 170 4
NP 204 199 5 86 
EP 206 200 1 36 1
NP 208 201 1 177 
NP 208 202 4 65 
NP 209 203 5 146 
SP 210 204 1 138 
SP 212 205 5 70 
EP 214 206 4 96 4
NP 215 207 4 142 
EP 217 208 4 37 4
SP 217 209 4 184 
SP 219 210 3 104 
SP 219 211 2 62 
EP 221 212 4 70 5
NP 223 213 4 104 
NP 224 214 5 195 
EP 225 215 5 33 2
EP 227 216 3 171 1
NP 227 217 1 149 
EP 228 218 4 97 3
SP 228 219 1 82 
NP 229 220 4 94 
SP 229 221 3 64 
EP 231 222 5 96 2
NP 232 223 4 71 
SP 234 224 4 107 
EP 234 225 2 154 5
EP 234 226 1 40 5
EP 235 227 2 80 4
SP 236 228 1 41 
NP 238 229 3 105 
EP 240 230 4 151 1
NP 242 231 3 180 
SP 243 232 3 37 
EP 243 233 3 98 1
SP 243 234 5 176 
EP 244 235 5 91 3
SP 245 236 3 87 
SP 246 237 5 61 
SP 247 238 5 135 
SP 247 239 4 192 
SP 248 240 5 90 
EP 250 241 1 124 4
SP 251 242 5 46 
NP 253 243 4 80 
EP 253 244 1 80 2
EP 255 245 3 109 3
NP 256 246 5 191 
SP 258 247 2 125 
NP 260 248 4 173 
EP 262 249 4 52 5
SP 262 250 4 123 
SP 263 251 1 137 
SP 265 252 3 61 
EP 267 253 1 177 3
NP 267 254 2 179 
NP 267 255 4 78 
NP 268 256 2 183 
EP 270 257 5 164 5
NP 272 258 5 83 
NP 274 259 3 119 
NP 276 260 5 126 
EP 278 261 4 178 1
NP 278 262 3 81 
EP 279 263 2 46 4
NP 280 264 1 106 
SP 281 265 3 171 
NP 283 266 4 171 
SP 285 267 2 94 
EP 287 268 3 184 3
SP 289 269 1 85 
SP 289 270 2 85 
NP 289 271 4 138 
EP 289 272 5 162 2
SP 291 273 1 104 
EP 292 274 4 181 2
NP 292 275 2 173 
NP 293 276 1 147 
NP 295 277 4 152 
NP 295 278 2 195 
NP 296 279 3 54 
NP 297 280 3 167 
NP 299 281 3 86 
SP 301 282 5 154 
NP 301 283 4 176 
NP 301 284 4 41 
NP 303 285 2 75 
SP 305 286 1 149 
EP 305 287 3 187 4
NP 307 288 1 136 
EP 309 289 2 119 5
EP 309 290 3 80 4
EP 310 291 1 109 1
NP 312 292 1 193 
NP 314 293 1 151 
SP 315 294 1 137 
SP 315 295 2 187 
NP 317 296 2 191 
NP 319 297 2 176 
EP 320 298 4 80 1
SP 321 299 5 121 
NP 322 300 2 169 
SP 322 301 1 59 
NP 322 302 1 195 
EP 322 303 2 191 1
NP 324 304 2 119 
SP 326 305 2 68 
EP 328 306 5 156 4
SP 329 307 2 122 
NP 330 308 2 39 
EP 332 309 3 62 4
EP 334 310 4 164 1
NP 335 311 1 33 
NP 336 312 1 115 
EP 336 313 5 43 5
EP 336 314 5 118 1
NP 338 315 1 47 
SP 340 316 2 162 
EP 342 317 3 124 4
SP 343 318 5 97 
SP 343 319 1 118 
EP 345 320 5 150 1
NP 346 321 4 172 
SP 346 322 4 100 
EP 348 323 4 164 2
NP 348 324 1 138 
NP 348 325 5 181 
EP 350 326 2 111 2
SP 351 327 5 100 
EP 352 328 2 149 2
NP 354 329 4 37 
EP 355 330 5 69 2
SP 356 331 2 177 
NP 356 332 1 99 
EP 358 333 4 122 5
SP 360 334 1 142 
EP 360 335 5 182 2
EP 361 336 1 37 3
EP 362 337 2 82 5
SP 363 338 4 148 
SP 363 339 5 142 
SP 365 340 2 49 
NP 367 341 4 47 
NP 367 342 1 49 
EP 369 343 5 199 3
EP 369 344 1 145 5
SP 371 345 1 128 
SP 373 346 3 60 
EP 375 347 1 54 4
NP 377 348 1 164 
NP 378 349 3 42 
SP 378 350 1 83 
SP 380 351 2 125 
NP 382 352 4 62 
SP 382 353 5 116 
NP 383 354 4 62 
SP 383 355 4 181 
EP 385 356 3 36 5
NP 387 357 1 61 
EP 388 358 3 34 1
EP 390 359 4 51 5
NP 391 360 3 71 
SP 393 361 1 59 
SP 393 362 5 47 
EP 394 363 4 165 4
EP 394 364 4 103 5
EP 396 365 1 43 3
SP 398 366 1 162 
EP 400 367 1 192 4
EP 402 368 3 98 2
NP 404 369 2 137 
EP 405 370 2 193 3
NP 407 371 4 169 
NP 408 372 3 173 
SP 408 373 2 175 
EP 409 374 4 175 4
NP 411 375 3 161 
EP 413 376 5 142 3
NP 413 377 4 123 
SP 415 378 2 168 
EP 415 379 5 171 1
EP 417 380 3 93 1
SP 419 381 5 44 
EP 420 382 2 195 4
NP 420 383 5 81 
NP 421 384 4 39 
SP 422 385 2 68 
NP 423 386 3 62 
EP 423 387 1 100 2
NP 424 388 5 138 
NP 424 389 5 158 
NP 426 390 1 41 
SP 427 391 2 167 
NP 427 392 2 53 
NP 427 393 1 51 
SP 427 394 3 187 
NP 429 395 2 30 
NP 429 396 1 121 
NP 430 397 5 66 
NP 432 398 4 56 
EP 432 399 2 168 1
EP 434 400 5 68 5
NP 436 401 2 121 
SP 438 402 3 110 
SP 439 403 5 127 
SP 439 404 4 142 
NP 439 405 1 155 
EP 440 406 3 104 1
EP 442 407 2 90 5
SP 444 408 2 116 
NP 445 409 4 88 
EP 447 410 1 118 1
EP 447 411 5 114 1
EP 449 412 3 51 5
EP 450 413 5 61 1
NP 450 414 1 118 
SP 451 415 5 160 
SP 453 416 5 186 
EP 454 417 3 183 1
SP 454 418 5 77 
EP 455 419 5 90 5
SP 457 420 4 156 
NP 457 421 4 81 
NP 459 422 2 65 
NP 461 423 3 72 
NP 463 424 3 101 
NP 463 425 4 142 
SP 463 426 2 58 
SP 464 427 4 105 
SP 464 428 1 60 
NP 464 429 1 46 
SP 466 430 4 158 
NP 468 431 4 118 
EP 468 432 3 91 5
EP 470 433 3 166 1
EP 471 434 3 142 3
SP 471 435 2 48 
NP 472 436 3 82 
NP 474 437 4 178 
SP 474 438 3 175 
EP 474 439 3 79 2
NP 475 440 2 141 
EP 477 441 3 162 3
SP 478 442 5 102 
NP 480 443 1 159 
EP 482 444 5 80 5
SP 484 445 5 99 
NP 484 446 5 73 
NP 485 447 3 48 
NP 486 448 2 86 
NP 488 449 5 71 
EP 489 450 1 185 5
SP 491 451 3 172 
EP 491 452 4 163 2
EP 491 453 5 37 4
SP 491 454 2 154 
SP 492 455 4 195 
SP 493 456 5 128 
SP 494 457 4 45 
SP 495 458 2 94 
NP 496 459 1 65 
EP 497 460 1 38 5
EP 498 461 3 100 1
EP 499 462 5 137 1
EP 499 463 2 109 5
NP 499 464 2 46 
EP 500 465 1 30 3
NP 501 466 5 60 
SP 503 467 5 43 
NP 503 468 4 60 
NP 504 469 1 71 
NP 504 470 1 34 
SP 506 471 2 139 
SP 508 472 5 117 
NP 510 473 3 88 
SP 510 474 1 180 
NP 510 475 4 147 
EP 511 476 3 177 3
NP 511 477 5 35 
SP 512 478 3 127 
SP 514 479 5 91 
NP 515 480 3 152 
EP 517 481 4 131 1
NP 518 482 3 31 
NP 520 483 2 103 
SP 521 484 5 45 
EP 521 485 3 186 2
SP 522 486 4 161 
SP 524 487 3 84 
NP 525 488 4 57 
EP 525 489 3 113 1
EP 527 490 5 173 3
EP 528 491 3 76 1
NP 529 492 5 65 
EP 530 493 2 152 1
EP 530 494 1 50 2
EP 530 495 5 180 3
SP 530 496 2 164 
NP 530 497 5 124 
SP 532 498 4 143 
SP 532 499 1 149 
NP 534 500 3 181 
NP 535 501 5 88 
NP 537 502 4 173 
SP 537 503 2 159 
SP 538 504 5 193 
SP 539 505 1 74 
SP 540 506 1 114 
EP 542 507 5 69 2
NP 542 508 4 131 
EP 544 509 3 113 2
SP 544 510 2 192 
EP 546 511 3 142 4
SP 546 512 1 138 
SP 547 513 5 47 
SP 548 514 4 127 
EP 549 515 2 40 5
SP 551 516 3 132 
NP 551 517 3 76 
EP 551 518 2 142 2
NP 553 519 2 197 
SP 553 520 4 61 
NP 555 521 3 163 
EP 555 522 1 183 1
SP 556 523 3 71 
NP 556 524 4 179 
SP 558 525 2 81 
EP 560 526 3 60 2
NP 561 527 1 99 
NP 561 528 2 58 
NP 562 529 1 86 
NP 564 530 3 145 
SP 565 531 3 73 
SP 567 532 2 120 
SP 568 533 2 66 
EP 569 534 3 152 4
NP 571 535 2 47 
SP 572 536 1 194 
SP 573 537 4 83 
NP 575 538 3 143 
SP 577 539 1 150 
SP 577 540 5 86 
SP 578 541 1 59 
EP 580 542 3 115 1
NP 581 543 2 132 
EP 581 544 4 87 5
NP 581 545 4 121 
SP 582 546 1 128 
NP 582 547 2 39 
EP 582 548 4 110 5
EP 583 549 2 99 5
SP 585 550 4 108 
SP 587 551 4 182 
SP 588 552 4 69 
NP 588 553 4 62 
NP 590 554 3 72 
NP 592 555 3 41 
NP 593 556 2 43 
EP 593 557 5 61 1
NP 593 558 3 164 
SP 593 559 2 165 
SP 595 560 3 124 
NP 596 561 4 139 
EP 598 562 1 197 4
SP 599 563 2 168 
NP 601 564 2 182 
SP 602 565 4 195 
SP 603 566 4 98 
SP 603 567 1 73 
EP 604 568 3 127 2
NP 605 569 5 98 
NP 607 570 2 85 
NP 607 571 1 142 
SP 608 572 3 37 
SP 608 573 1 77 
NP 609 574 5 174 
NP 609 575 2 165 
NP 611 576 2 129 
EP 612 577 3 62 5
EP 612 578 3 56 3
EP 612 579 3 51 2
NP 613 580 3 70 
SP 615 581 5 114 
SP 616 582 3 157 
EP 616 583 2 76 3
EP 618 584 5 174 4
NP 618 585 3 162 
EP 619 586 1 130 5
SP 619 587 1 171 
SP 621 588 2 35 
NP 623 589 4 169 
NP 623 590 1 158 
EP 623 591 5 130 4
EP 624 592 5 68 1
SP 624 593 2 77 
EP 626 594 3 94 3
NP 626 595 2 64 
EP 626 596 1 141 2
SP 626 597 5 192 
NP 626 598 4 101 
NP 628 599 4 70 
SP 629 600 1 119 
SP 631 601 4 120 
EP 631 602 2 57 2
SP 632 603 3 194 
SP 634 604 3 184 
NP 634 605 5 34 
EP 636 606 2 37 4
EP 636 607 2 113 5
NP 638 608 3 75 
EP 638 609 4 36 2
EP 639 610 2 137 4
NP 641 611 1 121 
NP 643 612 3 186 
NP 645 613 1 118 
EP 647 614 3 66 4
EP 647 615 2 67 1
SP 648 616 1 130 
SP 649 617 3 109 
EP 651 618 1 112 1
NP 652 619 4 58 
EP 654 620 2 35 3
NP 655 621 4 191 
NP 655 622 3 74 
EP 655 623 3 134 1
EP 656 624 2 163 5
EP 657 625 2 118 4
SP 658 626 3 51 
SP 658 627 3 60 
SP 658 628 1 190 
EP 660 629 4 37 2
NP 661 630 5 72 
EP 661 631 5 38 3
EP 661 632 5 120 1
EP 662 633 2 183 5
SP 663 634 1 160 
SP 664 635 5 173 
SP 664 636 4 162 
NP 665 637 2 35 
SP 666 638 3 44 
SP 668 639 4 134 
SP 670 640 4 195 
SP 672 641 5 30 
SP 672 642 1 186 
NP 672 643 5 80 
SP 674 644 5 155 
SP 676 645 4 95 
SP 677 646 5 51 
SP 678 647 2 163 
EP 679 648 5 189 1
EP 681 649 4 120 3
EP 683 650 2 185 1
EP 684 651 4 34 4
EP 685 652 1 165 4
NP 687 653 5 133 
NP 688 654 4 193 
SP 690 655 3 192 
NP 690 656 1 123 
SP 690 657 5 106 
SP 692 658 1 103 
SP 692 659 2 117 
SP 693 660 2 132 
NP 694 661 1 35 
SP 695 662 2 106 
NP 697 663 4 196 
EP 697 664 5 172 2
NP 697 665 2 120 
EP 699 666 4 158 1
SP 699 667 5 79 
SP 701 668 4 163 
NP 701 669 2 188 
SP 701 670 1 52 
NP 702 671 3 95 
NP 702 672 2 198 
EP 704 673 1 190 4
EP 705 674 2 166 3
EP 707 675 2 114 2
SP 707 676 2 150 
SP 708 677 5 150 
SP 708 678 2 61 
SP 708 679 3 165 
EP 710 680 5 37 3
NP 711 681 2 30 
SP 711 682 5 51 
NP 711 683 5 137 
NP 712 684 3 197 
NP 712 685 1 53 
SP 712 686 4 143 
NP 714 687 4 199 
SP 715 688 4 193 
SP 715 689 2 118 
SP 716 690 1 151 
EP 716 691 3 80 2
NP 716 692 4 66 
NP 718 693 2 131 
SP 719 694 4 149 
NP 719 695 5 166 
SP 720 696 2 109 
NP 720 697 3 71 
NP 720 698 3 176 
EP 722 699 2 122 3
SP 722 700 4 58 
EP 724 701 1 120 2
SP 726 702 5 158 
EP 727 703 3 40 2
SP 728 704 5 138 
NP 730 705 2 71 
NP 731 706 4 167 
EP 732 707 4 177 1
EP 732 708 5 43 4
NP 733 709 4 37 
SP 735 710 4 34 
SP 735 711 5 154 
NP 737 712 1 37 
EP 738 713 1 101 3
NP 738 714 3 117 
SP 739 715 2 109 
EP 739 716 4 41 5
NP 739 717 1 195 
SP 739 718 5 74 
EP 739 719 5 108 4
SP 739 720 2 112 
EP 739 721 5 68 5
SP 741 722 4 179 
EP 742 723 5 69 5
EP 743 724 2 63 1
EP 744 725 1 163 4
SP 745 726 4 123 
SP 745 727 5 78 
NP 746 728 3 41 
NP 746 729 5 171 
EP 746 730 2 75 3
SP 747 731 5 35 
EP 749 732 3 189 4
SP 750 733 3 127 
SP 752 734 3 93 
EP 753 735 2 105 4
EP 753 736 2 181 5
SP 753 737 2 67 
SP 754 738 5 171 
SP 756 739 1 122 
SP 758 740 4 35 
NP 758 741 1 94 
EP 760 742 5 170 1
SP 760 743 3 38 
EP 761 744 1 106 3
SP 762 745 3 182 
NP 763 746 3 109 
EP 763 747 4 79 4
SP 765 748 5 149 
NP 765 749 4 168 
EP 765 750 4 91 1
NP 767 751 4 111 
NP 768 752 1 199 
NP 769 753 1 177 
SP 770 754 1 195 
SP 772 755 5 47 
EP 772 756 1 77 2
SP 772 757 1 116 
EP 774 758 3 97 5
NP 776 759 4 167 
SP 778 760 3 62 
EP 778 761 5 200 4
NP 780 762 4 67 
NP 781 763 3 35 
NP 782 764 2 36 
SP 782 765 4 160 
SP 784 766 2 38 
SP 785 767 5 57 
SP 785 768 5 154 
SP 785 769 5 46 
EP 787 770 5 162 1
NP 787 771 3 97 
SP 789 772 1 145 
NP 789 773 1 128 
EP 789 774 2 106 3
SP 789 775 4 51 
NP 789 776 2 157 
NP 790 777 2 120 
SP 790 778 2 153 
SP 790 779 4 36 
SP 790 780 3 90 
EP 790 781 4 184 2
NP 790 782 1 167 
SP 792 783 4 170 
EP 794 784 2 120 3
NP 794 785 4 59 
EP 796 786 4 101 4
SP 797 787 3 145 
NP 799 788 5 185 
SP 800 789 1 128 
SP 802 790 3 161 
SP 804 791 4 169 
EP 804 792 1 174 5
NP 805 793 4 62 
EP 805 794 5 170 1
EP 807 795 2 40 5
EP 807 796 4 87 4
NP 808 797 5 150 
EP 810 798 1 35 5
NP 810 799 3 146 
SP 812 800 5 76 

50
436 420
729 418
103 475
534 438
671 115
710 717
540 327
730 636
314 644
348 209
500 26
475 293
134 140
645 120
588 266
578 689
682 625
542 349
156 772
608 403
163 38
633 116
729 102
508 417
505 470
705 173
721 122
792 576
281 508
582 704
206 775
739 608
634 196
495 289
530 445
657 246
493 284
243 620
88 330
790 229
209 93
252 155
242 792
193 511
601 744
509 707
474 328
674 70
395 585
204 693
