8
110 75

0 317 448 113 114 171 477 155
308 0 346 378 58 492 479 232
339 196 0 476 223 187 488 81
183 400 395 0 319 499 281 462
93 485 432 51 0 189 72 216
275 75 144 338 132 0 86 273
460 448 358 430 136 269 0 259
81 226 241 318 187 435 213 0

10 14
13 15
12 12
9 7
9 10
15 12
13 12
12 15

1000
EP 2 846 8 464 3
SP 13 351 7 254
EP 17 484 6 52 3
NP 18 154 3 335
SP 21 692 8 250
EP 23 162 8 470 3
NP 24 180 1 142
EP 24 749 3 247 4
NP 28 764 2 168
SP 30 958 4 142
EP 35 123 7 171 3
NP 55 248 8 384
NP 56 304 7 265
NP 67 441 7 361
EP 69 695 3 406 5
EP 77 92 8 488 2
SP 77 562 7 167
NP 85 862 3 219
NP 86 68 3 434
EP 91 682 7 186 1
NP 92 715 3 101
EP 93 479 7 397 1
EP 95 474 6 217 1
EP 97 901 5 454 2
SP 103 476 2 486
NP 105 930 4 77
EP 111 122 3 422 4
SP 113 718 7 73
NP 118 371 6 260
NP 119 213 7 176
SP 129 508 5 478
EP 134 401 1 278 4
EP 135 725 5 127 3
SP 136 340 4 392
EP 145 260 1 329 3
SP 150 578 2 362
EP 158 139 1 486 5
EP 159 858 8 286 5
SP 165 825 5 91
EP 180 744 2 424 3
SP 184 336 5 393
EP 184 364 5 54 4
EP 187 425 8 409 2
EP 192 673 8 468 5
SP 198 53 8 336
SP 200 833 5 174
EP 205 429 6 330 5
EP 206 723 3 484 2
NP 208 431 7 99
SP 210 512 7 379
EP 215 91 7 290 5
NP 217 569 4 205
NP 227 176 6 203
SP 232 341 5 353
NP 235 115 5 253
EP 239 745 6 256 2
EP 245 480 3 342 3
EP 252 375 1 146 3
SP 256 587 3 220
NP 263 272 3 462
NP 267 926 1 297
SP 274 295 6 283
SP 274 950 5 126
NP 275 711 3 432
SP 283 501 5 181
NP 284 806 1 172
NP 297 828 7 182
NP 299 487 4 70
NP 300 317 2 386
NP 312 190 6 106
EP 315 979 1 144 2
NP 324 518 7 109
NP 344 169 2 244
SP 344 948 3 178
NP 351 194 3 102
SP 367 699 6 119
SP 371 532 2 476
NP 383 547 3 360
EP 384 1 4 234 4
EP 386 189 7 359 4
NP 391 762 5 150
EP 413 51 8 379 1
NP 413 359 8 469
SP 419 797 4 65
SP 420 15 8 296
NP 427 684 3 462
SP 429 360 5 328
SP 433 639 8 394
SP 445 369 7 282
EP 446 286 3 311 5
SP 459 77 6 284
NP 462 849 8 460
SP 464 20 7 194
EP 464 347 6 298 1
EP 469 81 2 325 5
NP 471 481 2 261
NP 497 459 7 159
SP 498 143 7 298
EP 505 105 6 194 2
NP 512 129 6 127
NP 512 605 8 187
EP 513 975 2 365 4
SP 520 752 6 410
SP 527 921 5 279
EP 528 545 4 93 3
EP 536 668 5 116 4
SP 547 357 7 311
NP 549 468 2 400
SP 568 826 5 349
EP 569 211 1 470 3
NP 571 500 4 275
NP 588 114 6 59
NP 589 434 3 336
NP 596 774 4 80
EP 613 675 1 392 1
EP 618 891 6 170 3
EP 628 970 8 214 5
SP 633 940 7 108
NP 635 255 7 321
NP 636 161 4 456
SP 637 315 1 121
EP 660 761 2 367 4
NP 667 309 5 229
SP 670 963 3 403
SP 672 47 8 412
EP 674 14 1 89 4
NP 675 147 3 456
NP 677 910 8 344
NP 680 730 4 374
NP 682 363 7 220
SP 688 629 1 158
SP 693 540 2 456
EP 694 952 1 442 4
SP 696 125 3 194
EP 701 42 8 237 2
SP 701 436 8 352
NP 703 809 6 219
SP 704 185 2 100
SP 723 765 4 201
NP 724 700 3 437
SP 731 488 5 138
SP 741 215 5 66
EP 751 491 7 357 1
SP 758 316 3 110
NP 760 555 6 249
SP 761 962 2 168
SP 767 80 2 223
NP 768 522 8 362
EP 770 514 4 60 4
EP 771 738 8 431 3
SP 774 446 8 481
EP 784 946 5 135 3
EP 794 972 7 184 5
SP 809 778 3 272
EP 817 62 2 480 4
NP 825 693 1 121
SP 841 977 7 256
EP 857 638 4 244 5
EP 857 860 7 213 3
EP 859 97 3 156 1
NP 859 990 2 118
NP 860 968 7 111
SP 868 358 8 279
EP 869 290 6 156 2
EP 875 602 3 199 4
EP 875 801 2 65 4
NP 882 911 2 447
SP 898 473 3 198
NP 901 148 8 331
NP 902 332 1 147
NP 908 134 6 428
EP 911 46 8 59 3
SP 917 174 3 60
SP 920 640 7 242
SP 924 781 1 281
SP 937 393 2 408
NP 938 625 7 134
NP 942 651 6 420
NP 947 507 4 327
EP 951 328 8 458 2
EP 952 981 3 491 1
EP 962 10 2 463 1
EP 963 871 6 124 2
NP 965 165 3 146
SP 968 13 5 88
SP 970 506 2 95
NP 979 889 1 213
SP 981 266 5 296
SP 983 218 2 96
SP 991 426 2 134
EP 991 897 5 475 4
SP 1001 60 5 308
EP 1002 716 4 344 1
NP 1005 128 8 238
EP 1006 270 4 225 2
NP 1006 694 5 344
NP 1008 548 7 480
SP 1012 48 6 290
SP 1018 936 8 455
NP 1020 145 4 158
NP 1026 976 2 328
EP 1032 469 6 150 4
EP 1035 61 2 236 4
SP 1037 776 4 189
NP 1039 283 1 476
NP 1048 244 7 143
EP 1048 601 4 53 5
NP 1050 526 7 202
SP 1061 303 5 369
EP 1061 442 5 437 2
EP 1064 72 7 75 4
EP 1065 626 6 160 3
SP 1066 465 4 61
EP 1068 390 3 111 2
SP 1074 630 5 126
SP 1079 280 4 156
NP 1082 254 1 445
SP 1088 416 4 310
EP 1090 731 1 139 4
SP 1090 927 4 304
SP 1094 641 4 283
SP 1110 799 7 163
EP 1111 430 1 131 5
NP 1113 861 1 483
NP 1114 667 8 170
NP 1117 734 6 89
EP 1140 274 5 120 4
EP 1141 225 3 96 2
NP 1142 478 2 129
NP 1146 741 8 196
EP 1148 460 7 94 3
EP 1152 179 2 288 4
EP 1156 634 8 330 2
SP 1161 878 6 141
EP 1162 565 2 157 1
EP 1163 855 3 200 4
SP 1164 987 6 340
NP 1168 984 2 164
SP 1171 265 2 195
NP 1173 138 2 316
SP 1178 777 2 188
SP 1181 90 3 278
SP 1187 227 1 433
SP 1187 913 8 392
EP 1192 530 6 119 3
EP 1193 914 4 87 1
NP 1201 883 2 418
NP 1204 955 1 128
SP 1209 322 3 383
EP 1212 372 6 107 3
EP 1223 759 1 133 3
EP 1230 406 3 62 4
NP 1232 144 7 295
SP 1232 271 6 85
EP 1233 417 8 95 4
EP 1238 775 7 377 2
EP 1240 678 7 261 2
EP 1244 208 2 133 5
NP 1244 387 4 286
EP 1250 852 8 192 2
SP 1253 610 4 66
NP 1262 677 5 173
EP 1264 93 5 491 2
NP 1265 11 6 142
SP 1272 236 1 95
SP 1274 805 1 314
EP 1276 636 5 350 1
NP 1283 34 8 73
SP 1286 464 3 462
EP 1299 292 7 334 2
SP 1319 663 7 447
NP 1321 536 1 109
EP 1334 458 7 216 2
NP 1337 206 6 488
SP 1339 414 3 249
NP 1345 613 3 461
EP 1353 455 5 407 4
SP 1355 29 3 387
EP 1358 485 3 60 1
NP 1376 903 5 484
NP 1388 834 2 79
SP 1390 313 5 358
SP 1399 28 5 82
NP 1400 418 7 260
EP 1401 681 7 394 1
EP 1403 674 3 219 1
EP 1405 300 3 162 5
NP 1417 951 5 432
SP 1441 822 4 255
EP 1442 517 8 303 4
SP 1443 299 8 425
EP 1444 552 6 385 4
SP 1458 87 7 60
NP 1458 320 5 292
SP 1461 686 4 414
NP 1463 82 5 65
SP 1466 959 2 162
NP 1468 119 3 129
EP 1468 608 3 447 4
NP 1470 988 3 174
NP 1474 553 8 162
EP 1477 232 4 127 1
SP 1481 537 3 148
EP 1482 582 1 195 4
SP 1482 733 1 287
SP 1483 815 2 321
EP 1488 229 3 342 4
SP 1493 830 5 268
NP 1499 882 6 219
EP 1504 445 4 134 5
SP 1509 933 1 209
SP 1513 120 7 369
SP 1513 722 5 491
SP 1520 589 8 149
NP 1520 784 1 500
EP 1523 544 3 98 3
SP 1525 943 1 285
SP 1527 771 3 378
NP 1531 893 4 77
EP 1534 163 1 448 5
SP 1539 895 8 398
EP 1547 150 7 220 3
SP 1549 373 7 241
NP 1549 584 6 124
NP 1556 837 8 91
NP 1558 193 2 60
NP 1567 241 1 235
SP 1570 908 1 117
EP 1574 281 7 176 5
EP 1581 796 6 314 3
EP 1581 802 8 221 1
NP 1588 287 6 131
NP 1593 876 8 189
NP 1595 818 2 119
SP 1596 542 8 348
EP 1598 101 2 266 1
NP 1603 717 6 257
NP 1604 63 8 113
NP 1609 325 6 356
SP 1611 249 3 67
SP 1616 356 6 387
NP 1623 599 5 78
EP 1628 26 6 466 4
NP 1629 170 2 91
EP 1629 543 3 182 2
EP 1634 461 4 263 4
EP 1637 348 2 114 2
SP 1640 19 5 162
EP 1641 836 2 430 4
NP 1647 85 8 246
NP 1649 412 5 481
EP 1650 422 6 61 2
EP 1651 149 4 110 4
SP 1653 183 8 278
NP 1655 525 1 101
EP 1675 648 7 257 3
SP 1675 992 1 316
EP 1676 196 7 135 3
NP 1690 238 7 360
SP 1690 728 1 249
EP 1691 703 8 405 5
EP 1707 110 1 356 2
EP 1712 740 5 326 1
EP 1713 268 3 379 5
SP 1725 881 3 88
SP 1725 944 6 403
EP 1736 365 6 485 3
SP 1739 166 5 291
EP 1746 203 1 474 3
NP 1749 483 5 438
SP 1749 614 5 220
EP 1751 620 3 430 2
EP 1761 103 4 313 2
NP 1763 945 5 177
SP 1774 804 1 164
SP 1776 252 6 293
EP 1782 391 4 110 4
NP 1782 566 5 346
NP 1791 967 7 234
EP 1792 563 1 316 1
NP 1800 842 5 69
SP 1805 276 7 357
EP 1807 117 3 407 5
EP 1821 314 6 363 2
SP 1822 256 5 255
SP 1823 607 4 219
SP 1824 561 2 347
EP 1827 301 3 386 2
EP 1830 604 6 106 3
EP 1833 513 3 202 5
EP 1840 920 1 210 5
NP 1849 89 1 356
SP 1850 264 1 204
NP 1853 618 7 375
EP 1858 880 8 496 5
SP 1860 152 3 93
EP 1860 198 4 274 5
SP 1866 737 8 319
NP 1872 609 5 91
EP 1875 374 8 462 5
NP 1875 813 4 229
EP 1878 709 5 123 3
EP 1888 178 8 218 1
EP 1890 164 2 260 1
EP 1901 831 2 179 4
NP 1906 246 6 136
EP 1920 259 3 72 4
NP 1922 217 7 281
NP 1927 405 3 355
SP 1927 457 6 287
SP 1927 807 2 89
NP 1927 917 7 253
EP 1930 892 7 358 5
SP 1932 56 6 306
EP 1934 511 5 431 2
SP 1937 754 6 306
EP 1943 382 5 219 5
SP 1949 973 2 201
NP 1956 66 4 271
EP 1971 661 3 432 4
EP 1973 747 3 375 5
NP 1977 308 4 240
EP 1980 966 1 79 3
EP 1985 50 7 369 2
EP 1994 528 4 169 3
SP 1996 538 3 150
NP 2004 307 6 145
SP 2010 435 3 330
NP 2015 337 8 381
SP 2029 655 5 487
NP 2034 929 8 408
EP 2035 732 7 126 5
EP 2037 519 1 207 5
SP 2037 570 6 330
NP 2043 462 1 172
EP 2044 965 3 359 3
EP 2048 492 2 189 4
SP 2051 257 6 395
NP 2052 949 6 196
SP 2055 787 6 243
NP 2064 385 5 500
NP 2067 572 3 404
SP 2070 642 3 477
EP 2077 779 3 115 5
NP 2078 432 2 462
SP 2083 133 3 185
EP 2085 875 7 252 4
SP 2107 454 8 421
NP 2109 780 5 90
NP 2114 736 7 191
EP 2116 339 2 187 3
SP 2119 670 8 303
NP 2124 285 4 346
SP 2139 65 5 471
EP 2142 242 8 336 3
SP 2148 350 6 304
NP 2153 30 6 458
SP 2160 245 1 216
SP 2161 444 7 258
EP 2167 297 5 90 1
SP 2173 509 5 406
EP 2179 113 8 387 4
NP 2204 586 3 221
NP 2211 96 5 426
NP 2222 840 7 444
SP 2228 25 8 259
NP 2240 18 4 414
NP 2243 786 7 51
EP 2250 925 5 275 4
SP 2255 821 3 170
SP 2260 131 2 468
NP 2265 74 8 472
SP 2270 424 6 355
NP 2278 223 2 71
NP 2295 666 3 87
SP 2296 207 4 152
NP 2296 726 7 118
NP 2297 486 2 127
EP 2297 690 1 316 4
NP 2299 894 7 421
NP 2306 869 4 296
NP 2308 898 8 497
SP 2309 9 2 477
EP 2317 580 6 405 3
EP 2318 947 1 277 3
EP 2335 319 4 446 2
NP 2344 654 2 144
EP 2358 707 2 308 2
EP 2358 843 1 133 4
EP 2360 600 2 377 1
NP 2362 269 8 86
NP 2370 712 6 372
SP 2377 697 7 399
NP 2381 284 2 294
EP 2381 817 5 339 5
SP 2384 657 1 313
NP 2384 956 4 445
SP 2386 433 8 222
NP 2394 819 8 134
EP 2410 456 5 120 4
NP 2420 187 4 302
NP 2421 251 5 134
SP 2423 719 3 232
NP 2425 362 2 221
SP 2426 896 8 182
NP 2426 953 8 373
NP 2428 510 2 267
NP 2432 477 1 385
NP 2432 899 1 423
EP 2438 184 1 310 1
SP 2438 210 3 377
NP 2439 130 2 97
NP 2439 989 2 170
NP 2443 38 6 110
SP 2445 658 6 257
SP 2446 329 6 320
NP 2446 750 6 235
NP 2455 924 3 415
EP 2459 870 5 219 3
EP 2464 237 7 325 3
SP 2467 592 7 100
SP 2471 127 6 364
NP 2472 214 3 227
NP 2473 579 7 249
SP 2476 915 5 181
NP 2478 470 1 145
EP 2481 352 8 121 2
SP 2482 289 3 165
NP 2493 735 5 473
NP 2504 645 7 301
SP 2507 64 1 300
SP 2510 343 7 317
NP 2512 234 2 324
SP 2517 171 6 171
EP 2530 367 4 329 4
NP 2536 354 4 97
EP 2541 571 2 212 4
EP 2547 326 2 369 5
NP 2554 413 3 117
SP 2560 394 2 496
EP 2564 132 6 125 4
NP 2565 551 3 101
NP 2571 37 2 396
NP 2572 73 7 397
SP 2579 167 1 180
SP 2584 902 2 216
SP 2585 909 6 392
SP 2586 140 4 438
SP 2589 278 3 399
SP 2596 233 5 159
EP 2600 808 8 154 3
SP 2607 800 4 107
SP 2609 181 4 177
EP 2611 209 5 229 2
NP 2612 702 3 357
EP 2615 402 7 370 1
NP 2620 748 4 364
NP 2626 240 1 216
SP 2631 567 6 280
NP 2632 220 5 266
NP 2641 768 3 437
SP 2644 111 2 219
EP 2651 195 3 298 4
EP 2671 857 5 270 5
SP 2683 400 2 226
EP 2686 591 8 203 4
NP 2702 205 5 312
SP 2703 598 7 358
SP 2708 482 3 480
SP 2716 803 5 460
EP 2724 616 3 287 4
SP 2727 961 5 377
NP 2738 596 2 84
NP 2750 388 8 289
EP 2752 277 3 382 2
SP 2764 838 8 268
SP 2766 864 8 405
EP 2771 696 7 391 4
EP 2773 311 7 392 4
EP 2778 437 5 64 5
EP 2780 312 3 346 3
SP 2786 597 5 118
EP 2787 84 2 339 5
NP 2789 79 7 373
SP 2797 159 7 199
SP 2804 788 5 93
SP 2809 916 8 309
EP 2810 994 1 485 1
EP 2817 854 6 373 3
NP 2819 338 4 265
EP 2820 137 3 225 4
EP 2820 619 8 264 5
NP 2824 867 6 80
SP 2829 595 8 65
NP 2835 6 8 284
SP 2838 980 6 113
NP 2854 971 7 495
SP 2858 557 1 430
SP 2859 4 5 173
SP 2862 603 1 301
EP 2865 381 8 311 4
NP 2867 109 5 493
EP 2876 756 2 403 5
SP 2876 877 2 130
NP 2877 743 3 68
NP 2882 635 1 250
EP 2884 529 5 190 1
SP 2884 960 2 123
SP 2886 200 5 494
EP 2886 546 4 124 4
EP 2887 380 3 407 3
SP 2888 475 6 103
EP 2892 411 1 414 3
NP 2893 102 7 380
NP 2897 705 5 414
SP 2901 886 3 135
NP 2902 335 2 487
EP 2902 531 3 235 4
NP 2910 21 2 240
SP 2912 978 1 51
NP 2919 1000 8 392
EP 2929 664 7 314 3
EP 2947 577 7 279 3
EP 2967 44 6 67 2
SP 2970 502 3 487
EP 2973 399 3 396 2
SP 2977 523 2 175
NP 2993 782 2 319
NP 2996 330 2 349
EP 2996 653 5 466 4
EP 2998 621 4 129 4
SP 3002 823 6 462
NP 3009 453 6 420
EP 3012 534 6 125 1
EP 3025 231 3 194 4
EP 3036 835 7 100 3
NP 3043 273 7 86
NP 3046 713 3 437
SP 3046 816 5 151
EP 3052 757 1 312 2
EP 3056 141 6 428 5
SP 3072 814 6 428
SP 3074 439 7 129
SP 3078 939 2 362
NP 3084 912 1 439
NP 3089 33 3 125
EP 3092 243 4 227 5
EP 3096 863 7 214 2
EP 3099 221 7 115 5
SP 3110 104 5 388
NP 3111 879 4 233
NP 3112 792 5 332
EP 3119 321 2 285 4
EP 3121 650 4 198 4
SP 3121 851 3 262
SP 3125 581 5 278
SP 3128 662 4 64
EP 3131 564 8 68 5
EP 3132 98 8 284 3
SP 3138 935 3 363
SP 3140 624 5 409
SP 3155 890 4 143
SP 3161 568 5 293
NP 3166 691 6 484
EP 3169 644 4 427 2
SP 3170 71 6 219
SP 3176 253 5 124
SP 3179 216 6 202
SP 3194 685 4 175
SP 3199 688 4 408
SP 3204 75 6 220
NP 3206 905 1 136
NP 3211 873 4 382
SP 3227 415 1 306
EP 3228 76 2 59 4
NP 3228 922 2 361
NP 3237 7 8 119
EP 3238 887 7 83 1
EP 3239 612 6 460 3
NP 3246 3 1 306
NP 3250 54 6 321
NP 3252 679 4 65
SP 3263 628 2 325
NP 3266 438 4 78
NP 3272 126 3 345
NP 3273 637 8 445
SP 3285 706 7 462
NP 3288 361 2 326
EP 3295 230 4 306 5
NP 3300 928 3 403
NP 3307 918 4 403
NP 3318 58 1 244
SP 3319 827 5 79
NP 3321 228 2 261
SP 3324 623 5 187
SP 3331 669 6 136
NP 3339 503 2 146
SP 3341 964 3 348
SP 3344 36 8 378
SP 3349 175 7 389
SP 3350 789 1 91
SP 3351 937 6 364
EP 3354 160 6 339 4
SP 3357 687 2 179
SP 3365 247 7 330
EP 3389 907 1 296 1
EP 3399 135 6 337 2
SP 3402 467 7 483
EP 3405 471 1 108 4
NP 3406 585 5 58
EP 3409 760 5 461 4
NP 3412 680 1 372
EP 3414 27 2 360 5
NP 3416 188 7 260
NP 3417 954 2 100
SP 3419 646 2 269
SP 3423 404 8 369
EP 3437 116 3 351 2
EP 3440 186 2 91 4
NP 3445 739 6 300
SP 3452 70 2 152
SP 3452 982 8 327
NP 3454 496 5 130
SP 3456 652 8 125
EP 3458 742 7 213 5
NP 3466 844 8 207
NP 3481 811 1 486
SP 3482 389 3 196
NP 3497 83 8 389
SP 3507 288 6 288
SP 3519 222 3 274
SP 3523 168 8 267
SP 3541 932 3 123
SP 3548 633 8 475
SP 3557 23 6 339
NP 3558 78 2 185
EP 3559 576 4 355 5
NP 3561 376 4 83
SP 3568 941 1 168
NP 3569 305 4 343
NP 3570 991 2 346
EP 3578 795 2 384 2
NP 3579 324 6 499
NP 3580 59 4 168
NP 3603 463 8 359
EP 3603 698 5 130 3
NP 3609 349 5 429
NP 3614 172 6 385
NP 3618 99 4 456
NP 3619 2 2 94
NP 3625 617 6 392
NP 3629 219 7 239
EP 3629 631 8 272 4
NP 3635 793 3 414
SP 3646 333 8 271
EP 3647 931 7 52 5
SP 3648 622 5 121
EP 3651 588 5 338 3
NP 3652 839 8 320
SP 3652 872 4 408
EP 3665 606 1 237 1
NP 3676 294 5 359
SP 3692 708 8 347
SP 3699 427 3 319
NP 3699 672 5 341
SP 3711 88 8 284
EP 3726 856 1 126 5
SP 3728 448 8 274
EP 3735 556 6 331 2
SP 3741 173 8 164
NP 3778 118 3 297
SP 3783 632 5 137
NP 3786 41 2 170
EP 3811 495 7 383 3
SP 3813 323 2 214
NP 3816 627 4 406
NP 3823 428 2 393
NP 3829 49 2 182
SP 3837 377 4 325
EP 3842 24 4 209 3
EP 3852 396 4 285 1
NP 3864 107 2 418
EP 3870 829 3 67 1
NP 3875 379 4 401
EP 3878 995 4 492 5
EP 3887 52 1 388 1
EP 3895 423 5 132 1
EP 3899 155 6 406 1
NP 3906 410 5 419
EP 3907 275 5 171 5
SP 3915 919 2 64
SP 3924 17 6 77
SP 3940 993 1 396
SP 3956 524 1 324
EP 3956 533 2 74 3
NP 3963 923 6 211
EP 3968 938 6 158 3
NP 3970 55 7 68
EP 3978 859 8 72 3
NP 3985 794 4 181
NP 3986 136 5 203
SP 3992 449 8 87
SP 4012 202 4 442
SP 4032 755 8 128
NP 4041 204 1 101
SP 4041 472 4 261
NP 4043 969 3 199
SP 4046 656 8 453
EP 4047 267 7 117 3
SP 4054 306 5 88
EP 4055 853 6 398 3
EP 4058 451 8 314 5
NP 4061 573 2 448
SP 4069 370 6 183
EP 4070 16 8 156 5
EP 4074 874 1 390 3
NP 4078 397 7 408
NP 4079 443 2 119
EP 4079 498 7 191 3
NP 4088 575 6 150
NP 4089 112 5 498
EP 4093 57 8 330 2
NP 4093 558 1 404
SP 4097 527 7 420
NP 4098 710 5 63
SP 4105 108 7 100
NP 4110 192 5 199
NP 4115 758 7 344
NP 4121 594 4 253
EP 4123 996 2 181 1
NP 4128 182 8 263
NP 4129 934 3 222
EP 4136 957 4 213 4
EP 4137 345 3 115 2
SP 4137 729 1 440
EP 4144 199 6 163 1
SP 4151 262 4 51
SP 4151 850 8 497
SP 4156 590 7 379
NP 4159 497 3 445
NP 4162 773 5 229
NP 4164 67 3 51
SP 4164 549 2 192
EP 4166 450 5 169 5
EP 4171 466 1 389 2
EP 4187 146 4 234 2
SP 4197 177 4 431
NP 4199 40 1 479
NP 4199 689 4 452
EP 4210 158 4 260 2
SP 4212 493 5 108
EP 4220 494 8 307 5
SP 4221 583 6 440
SP 4236 848 7 458
EP 4239 296 2 369 2
SP 4239 999 5 110
NP 4241 395 1 257
SP 4260 386 2 492
EP 4264 235 4 451 5
EP 4264 291 3 154 3
EP 4269 683 6 173 1
NP 4282 767 7 462
NP 4283 32 1 215
SP 4291 409 8 61
NP 4307 701 7 72
EP 4313 384 4 491 2
EP 4317 368 5 416 5
EP 4319 505 7 72 3
SP 4321 593 4 317
EP 4343 212 2 56 4
NP 4354 865 3 295
SP 4356 766 2 172
NP 4358 156 6 226
EP 4359 293 8 338 2
NP 4361 845 7 184
NP 4362 151 4 222
NP 4364 263 8 94
NP 4373 355 5 165
NP 4375 942 7 69
SP 4390 841 6 349
EP 4395 885 1 277 3
EP 4404 282 1 112 2
SP 4408 847 1 274
EP 4419 521 3 303 3
EP 4422 327 1 164 4
EP 4425 772 6 357 1
NP 4436 516 5 343
NP 4442 790 4 439
EP 4442 884 3 431 5
NP 4446 310 3 362
NP 4449 250 6 71
EP 4449 770 1 413 4
NP 4454 226 6 480
NP 4461 866 1 388
EP 4474 239 7 271 2
EP 4486 998 8 430 1
NP 4489 535 7 408
SP 4497 868 6 124
EP 4501 751 8 442 1
SP 4509 724 4 74
SP 4511 504 1 161
SP 4522 763 2 343
EP 4528 785 4 412 1
NP 4530 791 7 419
NP 4534 420 4 105
EP 4535 986 2 469 3
SP 4545 489 1 333
NP 4547 746 7 190
NP 4553 820 1 283
NP 4556 974 7 274
SP 4569 261 1 485
SP 4575 407 5 104
NP 4581 153 5 248
SP 4583 490 3 262
EP 4591 769 7 77 1
EP 4593 649 7 230 3
SP 4599 353 8 97
EP 4604 983 5 136 1
NP 4610 574 5 138
EP 4612 197 6 424 5
EP 4612 408 1 244 5
EP 4614 5 3 329 3
NP 4615 611 6 264
NP 4621 39 4 317
NP 4621 201 2 467
EP 4628 900 5 436 5
EP 4628 997 6 337 5
SP 4631 419 7 237
NP 4648 94 4 199
EP 4650 142 8 389 2
NP 4652 224 3 200
NP 4655 22 7 70
EP 4659 403 3 216 4
EP 4662 721 7 282 5
SP 4674 279 6 220
NP 4682 560 8 83
NP 4692 440 7 460
SP 4694 515 4 206
NP 4696 832 5 229
NP 4703 43 1 153
NP 4713 447 4 125
NP 4720 342 2 405
NP 4723 615 1 165
NP 4723 985 5 463
SP 4724 378 6 482
EP 4731 346 6 151 2
EP 4735 704 1 292 3
SP 4744 331 3 200
NP 4747 392 2 107
EP 4750 95 5 246 2
EP 4758 665 3 487 2
SP 4759 539 1 195
EP 4763 421 2 421 2
SP 4764 499 7 177
SP 4769 35 5 252
EP 4774 904 5 66 3
SP 4777 191 8 78
NP 4777 258 7 129
SP 4779 520 5 383
SP 4787 727 7 177
NP 4794 344 4 255
NP 4809 334 8 134
EP 4820 714 2 468 1
EP 4825 783 1 492 1
EP 4838 888 1 421 1
NP 4856 69 2 190
EP 4859 671 8 446 3
NP 4880 659 3 289
SP 4882 660 4 138
EP 4885 452 6 497 4
EP 4889 753 8 480 2
EP 4890 398 2 150 5
SP 4892 45 8 248
NP 4895 906 3 132
SP 4898 383 4 267
SP 4899 554 5 487
EP 4900 86 5 84 2
EP 4900 643 3 176 3
SP 4900 824 7 414
NP 4913 106 1 310
SP 4916 798 8 321
SP 4922 559 2 361
EP 4933 121 8 277 4
EP 4933 810 6 168 1
SP 4936 720 4 291
NP 4945 302 8 96
NP 4956 100 5 343
EP 4968 812 1 204 5
NP 4972 318 8 429
SP 4975 157 1 312
EP 4978 298 2 103 4
EP 4978 676 2 116 4
SP 4980 366 1 219
NP 4982 8 7 337
SP 4984 12 1 336
EP 4987 550 1 357 5
SP 4991 541 8 150
SP 4993 124 4 138
EP 4994 31 1 88 1
SP 4998 647 1 229

800
4 277 5
5 583 7
8 374 5
8 834 1
17 602 8
18 465 6
19 121 3
24 885 1
30 436 6
31 100 5
33 359 8
45 779 8
46 823 8
52 885 7
54 15 8
54 730 3
55 397 1
62 718 6
76 851 1
80 504 8
91 137 1
93 298 3
100 508 8
100 665 8
120 678 8
121 992 5
130 744 3
131 146 4
141 830 3
150 630 4
166 160 6
172 17 6
182 404 7
188 826 4
196 795 7
205 919 6
210 170 4
213 774 3
214 462 5
223 162 3
233 106 1
235 129 3
237 390 2
241 202 8
250 44 2
258 862 6
260 525 7
266 330 2
270 942 3
274 507 2
276 142 8
288 273 1
290 465 7
292 362 3
310 482 5
314 498 3
335 587 6
336 771 8
336 46 1
354 106 8
364 690 2
368 896 3
379 191 2
381 14 8
403 343 6
408 796 4
416 608 6
419 995 8
421 981 6
426 748 8
427 172 1
437 868 2
439 681 7
441 299 3
447 159 5
462 38 8
463 760 7
485 504 4
488 802 8
495 107 1
499 769 1
500 391 1
510 31 1
532 577 5
534 881 6
534 16 3
535 354 2
538 212 8
540 792 5
549 897 5
552 95 5
556 728 6
562 434 1
562 775 4
569 738 4
569 18 5
578 32 2
581 189 3
601 548 5
604 897 7
612 176 2
612 432 3
615 297 4
616 591 6
621 227 2
637 289 6
646 250 1
651 469 3
662 113 4
663 272 5
668 554 8
670 974 1
671 861 8
676 785 3
680 848 4
682 956 6
685 231 8
689 425 8
692 114 3
695 988 4
695 513 5
712 849 7
733 116 6
735 736 8
743 514 7
759 367 4
766 728 6
769 579 4
772 504 8
772 746 8
778 746 2
806 159 7
811 168 6
819 597 4
830 528 5
832 359 8
833 446 6
842 24 6
844 954 8
868 603 4
870 739 4
872 562 4
876 600 8
885 405 4
892 58 6
908 785 4
912 362 6
917 44 4
920 808 7
935 480 3
947 349 1
956 49 2
957 152 6
986 672 6
991 813 1
994 195 7
996 841 3
997 695 3
999 89 4
1010 803 3
1010 746 5
1036 650 1
1046 653 7
1048 419 6
1074 144 1
1079 116 5
1090 861 1
1095 661 7
1095 879 6
1113 879 3
1119 862 8
1123 108 5
1125 629 6
1133 916 5
1135 35 1
1152 10 7
1156 762 4
1159 51 6
1169 304 4
1176 797 8
1186 375 4
1194 389 8
1200 88 2
1205 949 1
1221 675 5
1256 230 3
1260 920 4
1275 301 1
1276 480 2
1288 881 7
1291 675 2
1307 576 4
1317 964 2
1326 131 4
1327 344 3
1333 416 4
1333 282 1
1335 988 3
1336 168 3
1342 186 6
1343 632 7
1348 122 4
1355 996 4
1356 11 1
1356 527 8
1357 497 5
1374 548 8
1381 715 8
1383 953 2
1391 257 1
1397 890 8
1398 625 5
1398 728 4
1421 53 1
1421 780 7
1427 556 5
1429 847 7
1431 530 4
1435 845 6
1435 450 5
1436 745 8
1445 395 1
1448 639 6
1462 118 3
1462 169 4
1464 860 8
1468 250 7
1473 88 2
1485 326 2
1491 701 3
1493 251 6
1493 837 5
1495 490 7
1513 122 1
1521 792 3
1550 176 2
1571 806 1
1590 333 1
1597 951 2
1604 736 4
1623 259 6
1626 635 7
1638 694 7
1653 887 2
1657 242 1
1664 897 4
1673 51 6
1677 477 8
1685 74 2
1707 6 2
1722 399 3
1726 13 4
1744 330 7
1751 975 7
1758 225 4
1773 504 2
1774 426 6
1787 92 1
1789 84 8
1802 483 5
1802 433 2
1809 356 3
1810 550 2
1815 985 7
1820 584 6
1836 742 1
1841 91 2
1849 245 3
1849 981 1
1850 606 2
1853 785 1
1859 259 5
1860 382 1
1867 306 2
1871 706 6
1889 133 4
1890 322 5
1903 369 8
1905 265 5
1907 939 5
1916 614 8
1924 74 4
1925 221 8
1928 738 2
1945 67 4
1953 30 3
1969 499 8
1984 424 7
1987 769 7
1995 725 2
1996 560 1
2001 541 3
2002 978 7
2005 186 7
2007 47 8
2022 963 2
2025 283 3
2030 873 1
2036 626 7
2052 258 2
2059 553 7
2064 543 6
2082 589 3
2083 438 3
2086 19 3
2098 103 4
2100 533 6
2100 365 7
2104 596 3
2110 896 2
2110 121 3
2112 97 7
2115 494 8
2117 872 4
2128 946 8
2135 584 7
2136 820 1
2144 696 7
2149 318 3
2155 48 7
2156 941 5
2156 380 3
2166 116 2
2167 450 3
2178 622 4
2184 42 5
2191 940 6
2195 23 8
2198 987 3
2199 450 7
2204 331 8
2210 384 6
2213 196 1
2226 19 1
2233 821 8
2240 589 5
2246 551 7
2250 922 1
2254 297 8
2261 871 1
2263 897 4
2267 294 7
2269 217 1
2275 561 7
2280 496 5
2283 991 2
2311 957 2
2311 942 5
2314 320 6
2315 629 5
2319 391 3
2321 70 6
2327 862 2
2337 674 5
2341 982 3
2341 407 1
2344 372 8
2344 775 6
2348 454 6
2353 278 8
2363 306 3
2366 215 3
2366 397 7
2370 927 1
2373 680 2
2377 327 8
2388 189 2
2393 721 1
2397 93 6
2402 50 8
2403 588 3
2406 208 4
2410 105 4
2410 645 8
2417 240 6
2420 766 8
2428 541 4
2434 806 6
2434 567 1
2448 488 6
2451 789 1
2455 955 2
2456 375 6
2475 828 1
2476 97 7
2482 585 4
2493 208 7
2502 998 7
2507 542 1
2525 997 4
2529 926 4
2530 335 2
2538 867 1
2546 79 3
2549 769 7
2549 682 1
2551 788 8
2555 474 5
2558 954 5
2561 55 1
2573 873 5
2574 350 1
2577 80 3
2583 951 2
2593 11 5
2599 183 3
2600 844 1
2606 114 6
2606 648 6
2607 238 2
2610 139 6
2622 653 5
2627 662 7
2629 932 5
2638 288 4
2645 845 1
2650 999 3
2651 194 5
2673 376 5
2673 255 4
2674 515 4
2681 5 5
2686 985 1
2693 602 4
2700 731 5
2711 163 3
2714 229 3
2729 837 5
2737 882 8
2740 541 2
2744 914 4
2754 274 6
2765 192 2
2766 459 8
2779 620 3
2804 107 7
2807 780 1
2819 345 6
2821 53 4
2830 22 4
2846 101 5
2846 62 7
2852 532 4
2869 246 2
2877 903 3
2878 318 1
2880 191 7
2894 918 7
2897 962 2
2900 976 1
2905 388 7
2905 325 8
2909 442 3
2921 997 4
2938 583 3
2944 167 8
2964 49 6
2978 396 7
2979 927 3
2980 668 6
2992 230 6
2999 880 3
3001 192 7
3011 42 2
3022 995 5
3024 533 5
3027 654 7
3047 657 8
3049 760 1
3052 906 3
3061 877 4
3062 610 8
3064 325 3
3066 141 6
3071 421 7
3075 360 7
3083 594 7
3086 44 4
3087 265 6
3087 824 6
3092 248 1
3100 825 3
3104 589 6
3105 606 8
3109 405 3
3123 201 7
3132 389 5
3154 430 5
3169 950 6
3184 625 6
3184 86 3
3186 362 4
3188 696 1
3192 974 6
3198 254 5
3205 529 6
3218 741 3
3227 553 3
3237 129 5
3241 10 7
3246 438 2
3253 425 8
3258 874 2
3262 216 4
3264 207 6
3268 135 3
3278 15 1
3285 901 3
3288 407 7
3298 387 8
3309 610 2
3314 887 5
3315 631 8
3331 279 5
3336 231 8
3358 468 2
3358 431 3
3363 231 2
3366 945 4
3368 657 4
3369 440 4
3371 774 1
3380 89 5
3397 105 5
3401 120 5
3418 865 6
3428 646 8
3434 348 2
3441 948 4
3448 753 4
3458 326 8
3462 133 8
3474 508 6
3485 1000 2
3492 993 7
3500 43 2
3502 443 3
3521 634 1
3522 454 6
3530 262 4
3537 543 6
3551 946 4
3563 343 4
3564 721 7
3565 610 8
3588 65 2
3593 960 6
3612 531 4
3613 934 5
3622 244 6
3624 810 1
3625 971 4
3634 603 8
3634 529 2
3634 799 4
3635 751 8
3640 545 7
3659 672 8
3665 677 3
3665 386 4
3674 170 7
3685 999 8
3695 875 4
3696 143 5
3701 28 8
3702 467 4
3708 168 5
3720 673 2
3727 449 6
3731 837 6
3736 115 7
3737 501 8
3752 7 1
3752 845 3
3754 541 3
3759 828 7
3766 67 5
3769 734 8
3774 760 8
3786 27 7
3800 432 8
3800 779 2
3804 907 4
3823 426 8
3824 417 2
3840 959 2
3842 298 6
3848 74 7
3855 153 1
3858 978 3
3863 879 8
3864 303 4
3872 411 1
3880 496 1
3881 672 1
3881 31 3
3882 52 6
3882 624 1
3885 208 7
3892 245 2
3897 294 7
3897 60 1
3902 825 4
3905 534 6
3906 839 5
3912 97 3
3916 388 6
3916 715 6
3920 74 4
3922 177 3
3930 201 5
3936 337 8
3936 985 1
3939 391 1
3941 840 5
3942 684 7
3964 364 5
3973 268 3
3975 330 4
3978 421 7
3978 329 3
3981 335 8
3991 687 5
3994 925 6
4003 596 4
4027 238 3
4033 73 7
4035 314 4
4037 766 5
4037 371 4
4040 397 5
4060 157 2
4060 599 7
4063 813 6
4067 516 2
4067 520 2
4068 792 6
4084 678 6
4089 855 6
4092 760 1
4105 824 8
4122 735 1
4125 958 4
4129 246 3
4134 864 5
4136 531 8
4136 490 3
4137 612 1
4155 83 3
4156 455 8
4157 194 2
4170 319 5
4174 620 2
4175 9 7
4197 79 4
4198 975 6
4199 317 5
4203 215 1
4206 466 4
4230 87 2
4234 656 5
4240 118 7
4249 526 2
4251 633 1
4264 660 2
4286 295 2
4295 55 2
4299 732 2
4304 717 1
4309 378 5
4316 217 6
4326 50 8
4332 313 5
4341 222 4
4341 411 2
4373 344 6
4375 239 5
4382 816 3
4384 654 3
4387 410 4
4391 108 8
4399 820 4
4405 902 2
4410 947 1
4414 345 1
4418 869 8
4421 945 7
4425 549 1
4428 473 7
4438 592 7
4451 343 8
4460 380 8
4464 277 8
4475 901 3
4479 630 8
4498 964 5
4498 490 1
4504 718 5
4506 689 3
4516 64 1
4517 404 4
4520 47 6
4524 473 5
4535 721 3
4536 787 4
4538 53 2
4538 267 3
4541 684 5
4545 924 6
4547 462 5
4559 834 7
4565 939 1
4576 278 6
4578 40 6
4585 581 7
4587 690 5
4592 496 6
4593 624 8
4598 187 5
4599 853 5
4603 498 6
4605 332 8
4605 504 3
4607 260 1
4611 664 1
4616 268 3
4617 333 5
4627 234 6
4643 895 7
4649 386 7
4666 215 6
4668 763 6
4672 798 4
4674 76 2
4678 45 3
4680 399 5
4680 72 2
4684 774 5
4688 588 5
4691 379 6
4693 337 8
4693 501 1
4696 531 4
4702 889 7
4710 198 5
4713 221 2
4722 702 2
4728 867 2
4733 49 8
4745 422 8
4748 61 8
4748 945 1
4749 109 3
4750 864 4
4757 782 6
4761 287 8
4766 952 4
4774 807 4
4774 483 5
4778 618 6
4781 439 2
4791 522 3
4792 797 7
4795 390 2
4798 84 8
4802 919 4
4808 690 4
4812 483 8
4817 774 2
4819 626 7
4828 94 3
4836 260 7
4839 727 4
4840 6 3
4872 262 2
4881 30 4
4897 477 7
4898 541 4
4901 476 1
4910 334 8
4912 160 8
4926 242 1
4934 45 6
4934 877 3
4936 397 5
4937 82 3
4945 855 8
4948 192 5
4954 205 7
4954 454 6
4955 169 2
4960 795 3
4963 798 5
4979 441 4
4979 273 6
4993 864 6
4993 836 2
4997 979 7
4999 589 1
5000 226 4
