###HOSPITALS###
5
110 75

###DISTANCE_MATRIX###
0 100 200 300 400
100 0 150 250 350
200 150 0 300 450
300 250 300 0 500
400 350 450 500 0

###CAR_DISTRIBUTION###
5 10
4 8
3 7
6 12
2 5

###REQUESTS###
35
NP 1 1 2 100
NP 2 2 3 200
NP 3 3 4 300
SP 4 4 5 400
SP 5 5 1 500
SP 6 1 2 150
EP 7 2 3 100 4
EP 8 3 4 200 5
EP 9 4 5 300 3
NP 10 5 1 250
SP 11 1 2 350
EP 12 2 3 450 2
NP 13 3 4 500
SP 14 4 5 550
EP 15 5 1 600 5
NP 16 1 2 700
SP 17 2 3 750
EP 18 3 4 800 1
NP 19 4 5 850
SP 20 5 1 900
EP 21 1 2 950 3
NP 22 2 3 1000
SP 23 3 4 1050
EP 24 4 5 1100 4
NP 25 5 1 1150
SP 26 1 2 1200
EP 27 2 3 1250 2
NP 28 3 4 1300
SP 29 4 5 1350
EP 30 5 1 1400 3
NP 31 1 2 1450
SP 32 2 3 1500
EP 33 3 4 1550 1
NP 34 4 5 1600
SP 35 5 1 1650

###CANCELLATIONS###
5
5 1
10 2
15 3
20 4
25 5
