4
110 75

0 388 417 458
141 0 176 380
359 145 0 364
235 280 316 0

7 6
11 9
6 10
5 11

100
EP 2 13 4 202 1
NP 31 75 4 422
SP 32 68 2 261
EP 35 51 3 274 5
EP 35 63 2 86 2
SP 38 38 2 254
NP 43 49 2 252
SP 45 24 4 127
EP 45 86 4 97 4
NP 46 8 1 153
SP 51 76 2 366
EP 56 59 4 439 3
SP 58 65 3 229
EP 60 6 1 468 1
NP 62 15 4 71
EP 79 2 2 259 3
EP 80 25 3 412 3
EP 82 54 1 120 3
NP 89 57 4 490
SP 93 73 3 443
SP 97 29 2 158
EP 105 97 4 367 4
EP 106 28 1 333 5
EP 106 62 1 175 3
EP 119 58 3 158 2
NP 121 82 1 398
NP 125 33 4 177
SP 126 23 3 99
NP 129 5 3 373
SP 133 90 1 93
SP 138 78 3 494
SP 144 10 1 400
SP 144 72 3 293
NP 147 56 3 274
EP 148 80 4 435 2
SP 151 32 1 185
SP 160 27 2 71
NP 179 16 1 146
NP 183 47 4 265
NP 186 52 2 246
SP 187 41 4 411
SP 190 4 3 77
EP 191 18 1 56 3
EP 193 96 3 427 5
SP 197 60 2 496
NP 197 98 2 101
EP 199 84 4 342 5
NP 207 87 1 210
EP 235 69 4 176 3
SP 253 74 2 315
EP 259 1 2 97 3
EP 259 53 4 89 5
EP 260 100 4 235 5
NP 264 20 1 374
SP 275 36 2 241
SP 279 93 1 63
NP 292 43 1 481
NP 297 12 1 103
NP 307 70 4 73
SP 315 92 4 229
NP 316 7 3 383
NP 322 37 4 219
EP 327 94 3 295 1
EP 335 48 2 251 5
NP 344 91 3 359
NP 348 45 2 243
NP 355 34 1 423
SP 365 95 3 240
NP 365 99 3 377
NP 377 61 4 300
EP 378 3 1 209 1
SP 410 44 4 457
NP 412 88 4 87
SP 414 46 3 187
NP 417 39 4 131
NP 417 64 1 358
SP 420 66 1 374
NP 427 21 2 248
NP 427 89 3 75
SP 429 11 3 358
SP 431 30 2 376
NP 437 31 1 410
NP 439 40 1 462
EP 443 14 3 478 3
NP 443 19 2 234
EP 445 83 3 498 3
SP 456 50 4 181
NP 457 67 4 362
SP 459 77 3 422
SP 460 71 2 87
EP 465 17 1 132 2
EP 479 9 2 264 4
SP 480 55 2 155
EP 481 42 2 93 5
NP 489 35 3 261
SP 493 22 3 327
EP 493 79 2 301 4
EP 495 81 1 350 5
EP 496 26 3 83 2
SP 497 85 2 262

25
333 76
78 50
175 8
353 80
440 4
88 63
8 100
193 23
439 29
406 4
25 52
175 2
69 93
7 67
84 56
85 90
395 86
220 2
206 14
30 28
479 10
446 78
444 60
107 36
161 60
