10
110 75

0 221 72 380 231 127 112 370 299 304
377 0 221 329 261 225 257 86 375 351
451 353 0 159 449 370 151 479 172 307
111 454 171 0 144 110 459 246 447 318
180 166 435 111 0 416 222 500 374 50
147 359 429 288 228 0 414 302 225 245
146 430 362 295 253 129 0 221 138 410
259 233 314 56 422 378 382 0 334 435
476 140 235 120 267 62 314 391 0 236
274 476 181 179 440 374 309 297 403 0

12 5
14 7
14 10
14 7
6 8
7 14
15 5
6 11
10 7
8 5

1000
SP 5 319 9 311
EP 21 307 7 68 4
NP 32 890 9 181
EP 37 139 1 430 3
EP 40 320 5 153 2
SP 41 766 10 370
SP 45 314 9 233
EP 45 712 7 66 3
SP 47 833 2 163
EP 50 284 8 353 5
EP 52 733 3 498 2
EP 68 444 6 139 4
NP 68 905 7 477
NP 71 264 10 89
SP 78 272 9 69
NP 83 762 6 145
EP 87 791 10 111 5
SP 100 924 4 234
SP 104 77 3 224
SP 106 954 6 415
EP 107 706 9 464 2
NP 112 66 1 111
NP 116 18 3 381
NP 127 62 6 312
NP 128 822 7 407
SP 129 1000 4 260
EP 133 647 4 371 1
EP 138 923 5 167 4
SP 141 526 3 268
NP 155 611 9 167
SP 156 281 2 421
NP 164 455 4 371
NP 169 133 9 99
NP 169 332 10 121
NP 170 85 5 350
NP 170 183 3 106
SP 172 335 10 121
EP 190 31 4 321 5
EP 201 555 8 174 4
SP 205 516 1 157
NP 205 661 4 184
EP 206 607 5 132 5
SP 208 404 4 230
SP 209 787 6 157
EP 210 853 4 312 1
NP 211 606 2 331
SP 214 90 8 124
NP 219 17 10 360
EP 221 806 8 330 1
SP 225 323 4 368
SP 227 489 5 387
NP 229 856 8 275
EP 235 741 7 387 3
SP 238 135 4 359
EP 239 342 2 481 3
EP 254 761 3 229 3
SP 261 24 3 376
SP 267 717 3 463
EP 271 765 8 369 5
EP 279 866 2 471 1
NP 280 932 7 83
EP 298 355 7 104 3
EP 306 396 3 304 4
SP 309 549 7 455
NP 319 985 8 174
SP 338 904 7 313
NP 345 707 5 116
EP 346 204 8 127 5
EP 352 966 9 300 1
NP 354 522 6 291
NP 361 927 8 225
EP 385 270 3 336 5
SP 388 392 6 267
EP 389 690 7 412 1
EP 390 536 8 240 5
SP 394 100 7 72
EP 403 61 10 319 3
NP 405 415 8 130
NP 411 125 6 460
SP 414 700 10 362
NP 416 497 3 136
NP 417 114 6 169
SP 417 120 6 236
NP 422 197 5 204
SP 429 912 6 376
EP 441 407 2 325 2
NP 441 688 4 275
EP 444 345 4 382 1
SP 448 994 9 368
NP 452 894 4 385
SP 453 650 4 265
EP 470 471 4 279 5
NP 474 857 10 321
NP 478 903 8 283
SP 479 824 8 173
EP 487 968 5 238 4
NP 493 502 8 283
EP 496 91 4 117 5
NP 499 982 6 319
NP 500 223 2 355
SP 500 534 5 318
SP 505 251 9 119
SP 505 897 3 491
EP 508 784 8 357 5
SP 520 436 10 243
SP 525 542 6 225
EP 525 672 4 385 3
NP 527 374 5 324
NP 529 638 7 483
NP 532 906 6 295
EP 535 569 5 339 1
EP 543 608 5 356 1
SP 545 353 7 132
NP 554 764 7 379
NP 559 175 5 134
EP 561 167 5 183 5
NP 562 694 3 107
SP 571 644 2 382
EP 572 312 1 334 3
EP 573 232 8 427 2
NP 576 538 4 285
EP 580 220 9 434 4
SP 584 27 5 377
NP 593 995 5 419
SP 595 243 4 173
NP 595 491 2 284
NP 608 708 7 407
EP 613 271 1 97 1
NP 614 384 1 205
NP 616 94 6 387
EP 617 928 9 357 4
SP 626 7 3 410
EP 626 711 8 160 2
NP 633 934 1 314
NP 637 971 9 116
SP 639 911 3 331
EP 645 143 2 291 4
EP 653 570 9 210 2
SP 660 408 7 223
SP 666 265 3 407
SP 673 584 8 401
EP 677 808 8 413 4
EP 688 496 1 94 3
SP 699 48 1 315
EP 703 836 3 435 2
SP 713 157 10 457
SP 713 523 2 390
EP 728 939 5 360 2
NP 733 953 7 272
EP 735 727 2 157 4
SP 738 338 1 159
NP 741 533 8 143
NP 751 211 7 447
SP 765 469 2 228
NP 770 771 10 390
NP 775 365 9 333
EP 783 785 6 405 2
NP 796 22 6 320
NP 803 926 3 431
NP 811 525 8 247
EP 830 610 4 332 4
SP 830 795 10 397
SP 831 726 2 353
EP 835 617 5 444 3
SP 844 418 3 178
NP 844 744 3 363
SP 848 423 4 497
SP 849 514 5 341
SP 857 57 7 126
NP 857 191 5 337
SP 858 337 7 174
EP 870 588 4 226 1
EP 873 838 4 133 5
EP 875 339 3 53 5
NP 877 675 6 111
EP 891 190 1 485 4
SP 893 909 10 375
SP 897 140 10 474
NP 898 655 8 265
NP 901 346 5 273
SP 904 778 5 341
SP 905 20 1 305
SP 913 461 8 429
EP 920 41 2 241 5
NP 922 219 2 485
NP 925 6 8 480
EP 929 531 8 92 3
EP 929 847 7 290 3
SP 935 639 1 241
NP 936 202 8 214
SP 936 291 3 103
SP 939 500 1 196
SP 946 147 8 426
NP 947 573 5 230
SP 948 416 10 291
SP 950 652 1 190
SP 966 152 10 311
NP 969 454 1 62
NP 972 723 7 463
NP 976 435 1 107
NP 977 821 9 147
EP 982 82 2 158 2
NP 987 58 2 133
SP 988 428 7 277
EP 995 508 1 86 1
NP 998 395 10 125
SP 1008 829 1 339
EP 1011 40 4 243 5
NP 1019 181 10 373
EP 1019 398 1 399 5
EP 1022 433 8 333 2
EP 1026 186 6 387 4
EP 1026 356 1 418 1
NP 1042 692 4 371
SP 1053 513 9 358
NP 1056 443 3 58
SP 1062 678 1 388
NP 1064 626 9 442
EP 1068 255 8 442 2
EP 1080 162 8 479 2
NP 1084 456 8 312
EP 1089 518 1 87 3
SP 1097 84 1 77
SP 1097 734 2 283
SP 1100 641 6 467
NP 1114 896 6 156
SP 1127 269 7 176
SP 1134 975 1 98
EP 1135 331 5 386 2
SP 1137 815 6 305
NP 1159 146 5 133
NP 1161 851 2 163
NP 1163 754 5 439
EP 1167 721 2 103 1
EP 1169 258 3 470 5
EP 1173 883 2 242 5
NP 1178 559 3 96
EP 1183 843 6 422 3
EP 1185 751 3 325 4
NP 1204 39 9 108
EP 1204 583 3 72 4
SP 1205 872 8 176
NP 1208 73 3 473
EP 1210 113 4 242 4
EP 1211 166 10 154 4
NP 1213 602 6 304
EP 1214 529 5 102 1
SP 1222 13 7 404
NP 1224 200 5 321
NP 1231 81 2 394
EP 1232 963 10 361 2
NP 1233 262 6 435
SP 1234 101 3 327
SP 1245 249 6 321
EP 1247 60 8 91 1
EP 1259 142 5 249 2
NP 1260 724 8 229
EP 1272 127 2 426 3
EP 1272 916 5 134 1
SP 1274 459 8 412
NP 1287 964 4 468
EP 1296 420 5 453 2
NP 1300 814 5 62
SP 1310 978 6 455
SP 1312 111 7 282
EP 1314 215 2 125 5
EP 1316 670 10 404 3
EP 1317 732 9 65 1
EP 1317 757 6 222 2
SP 1318 739 6 170
SP 1327 481 5 490
EP 1328 205 4 226 2
EP 1328 567 7 396 3
SP 1344 716 7 177
NP 1345 55 5 52
EP 1351 839 2 326 5
EP 1373 224 1 462 1
NP 1373 591 4 445
EP 1374 158 5 451 2
EP 1375 582 4 152 2
SP 1377 840 2 238
EP 1378 247 6 212 2
EP 1381 492 3 202 1
EP 1399 439 7 190 1
SP 1406 53 8 219
NP 1409 799 8 343
NP 1416 406 9 483
SP 1418 106 9 89
SP 1420 485 2 179
NP 1434 728 7 110
NP 1435 196 8 274
EP 1444 417 7 398 1
SP 1447 179 10 187
SP 1454 554 7 250
SP 1463 630 9 480
EP 1463 637 3 385 3
EP 1464 64 10 461 4
NP 1476 720 5 288
NP 1478 957 10 344
NP 1484 634 1 129
NP 1486 654 4 381
SP 1488 871 3 89
SP 1496 949 6 265
NP 1497 908 6 247
EP 1501 589 9 136 3
NP 1502 864 4 476
SP 1504 68 6 341
EP 1509 285 7 383 2
NP 1515 414 1 105
NP 1515 480 4 162
SP 1523 658 10 163
SP 1524 246 1 282
SP 1527 551 6 396
NP 1528 328 8 443
SP 1537 169 5 186
SP 1547 87 1 251
NP 1547 110 8 370
EP 1547 174 7 370 1
EP 1548 819 9 303 4
SP 1551 933 2 405
NP 1561 45 1 489
EP 1564 988 3 160 3
SP 1566 361 7 292
SP 1571 524 8 66
EP 1579 499 7 123 5
SP 1582 854 6 454
EP 1584 576 9 190 2
SP 1589 981 9 309
NP 1591 136 9 164
EP 1591 266 2 307 2
NP 1592 599 2 343
NP 1594 282 5 127
NP 1596 378 6 125
NP 1602 665 2 131
EP 1605 253 1 271 5
NP 1606 19 1 191
NP 1608 663 5 311
NP 1613 193 3 132
SP 1626 131 9 229
SP 1646 155 10 396
SP 1649 646 6 245
NP 1650 506 3 155
NP 1664 303 10 236
EP 1665 9 2 455 5
EP 1665 324 7 180 3
EP 1669 381 1 316 2
EP 1675 770 8 403 4
NP 1682 484 5 131
EP 1705 240 10 181 5
NP 1710 528 6 208
NP 1713 241 7 475
EP 1721 992 7 189 1
NP 1728 93 5 242
SP 1750 300 6 164
SP 1753 960 7 144
EP 1759 333 10 204 3
SP 1765 463 4 408
SP 1770 623 1 245
SP 1770 826 9 302
NP 1771 520 10 81
NP 1775 96 2 124
EP 1775 195 9 147 2
EP 1777 119 3 308 1
SP 1779 659 2 498
SP 1780 693 10 439
NP 1785 222 3 462
EP 1787 209 10 138 1
NP 1792 394 6 414
NP 1795 565 3 356
NP 1798 359 10 389
EP 1807 403 8 210 2
SP 1819 59 10 264
NP 1823 198 10 224
SP 1827 54 4 400
NP 1836 74 4 424
EP 1837 852 7 460 1
EP 1838 622 10 74 3
EP 1849 227 2 154 4
NP 1849 709 10 136
SP 1854 313 6 133
NP 1857 813 5 111
SP 1861 736 7 483
NP 1864 835 8 220
SP 1865 12 7 67
EP 1874 15 4 346 5
NP 1874 756 1 189
SP 1874 920 3 494
SP 1880 552 5 215
NP 1882 816 3 164
NP 1883 881 2 103
NP 1887 63 2 500
SP 1910 221 1 446
NP 1912 515 1 229
EP 1917 578 1 258 5
SP 1925 427 4 190
SP 1926 657 5 216
EP 1927 624 9 435 5
SP 1935 671 2 159
SP 1941 564 10 429
NP 1947 713 4 326
NP 1950 472 5 169
NP 1956 899 3 468
SP 1956 915 8 307
SP 1965 49 4 299
SP 1968 880 5 272
EP 1970 366 2 129 1
EP 1974 804 2 105 2
NP 1976 229 1 498
NP 1985 230 5 379
EP 1995 330 7 487 3
NP 1999 619 3 63
EP 2009 989 6 176 1
NP 2019 571 4 261
NP 2021 952 3 133
EP 2027 745 4 478 4
NP 2030 769 9 118
SP 2031 176 3 105
SP 2036 109 2 288
EP 2036 796 7 415 4
NP 2038 16 3 185
NP 2042 649 6 453
NP 2050 466 2 412
SP 2051 997 1 67
EP 2055 474 5 382 4
SP 2058 79 2 488
EP 2060 501 1 130 4
EP 2063 274 10 399 2
SP 2067 874 4 185
NP 2084 10 6 420
NP 2085 585 9 302
EP 2087 946 3 414 1
NP 2091 919 8 400
SP 2098 873 2 115
EP 2109 225 2 374 4
NP 2110 747 6 51
SP 2117 170 9 105
EP 2117 777 10 151 1
EP 2118 447 9 233 4
EP 2119 72 3 399 2
NP 2138 961 1 234
EP 2144 257 6 353 1
SP 2144 596 7 398
NP 2146 683 10 406
SP 2157 832 2 194
EP 2162 83 8 471 1
NP 2173 32 2 478
NP 2180 237 10 489
SP 2188 878 3 312
NP 2189 14 3 108
EP 2189 379 5 373 3
SP 2197 595 10 104
NP 2203 373 6 108
SP 2204 122 3 491
EP 2206 895 5 201 4
SP 2208 279 8 371
EP 2210 633 1 208 4
NP 2216 134 8 277
SP 2222 556 1 208
NP 2222 631 7 144
SP 2233 363 4 182
NP 2243 967 1 358
NP 2256 1 7 114
NP 2259 640 2 464
NP 2267 250 10 479
NP 2268 628 7 62
EP 2289 177 1 255 4
SP 2300 561 10 152
NP 2301 877 6 454
NP 2306 772 7 132
SP 2308 357 4 330
EP 2310 810 10 463 3
SP 2313 948 6 172
SP 2315 8 10 140
EP 2317 149 4 358 5
EP 2317 557 4 69 2
NP 2320 887 2 422
EP 2333 729 10 355 5
SP 2341 509 1 235
NP 2347 592 10 395
SP 2365 65 8 373
EP 2366 780 10 240 4
EP 2372 913 7 79 5
SP 2375 746 7 445
EP 2386 627 3 104 1
EP 2395 349 8 312 4
EP 2401 860 2 474 2
SP 2402 666 9 206
EP 2402 969 6 81 2
EP 2407 4 9 214 4
NP 2413 566 3 462
NP 2417 360 3 281
NP 2418 768 5 221
NP 2427 99 5 351
SP 2428 517 1 188
NP 2431 680 9 463
NP 2432 26 3 235
SP 2432 844 2 303
NP 2438 288 4 60
EP 2449 910 3 401 5
NP 2461 104 1 367
EP 2463 277 6 188 5
SP 2466 798 9 421
EP 2468 882 4 144 4
NP 2476 668 3 366
SP 2478 749 4 496
SP 2496 283 7 157
NP 2496 737 8 158
EP 2501 292 1 468 1
SP 2505 188 5 291
NP 2509 753 2 370
SP 2511 128 7 177
NP 2513 758 9 410
SP 2515 703 10 433
EP 2518 348 5 245 5
NP 2520 254 4 498
EP 2531 399 9 468 1
NP 2532 47 3 276
NP 2537 199 10 342
SP 2537 350 5 346
NP 2544 321 5 90
EP 2552 172 10 399 1
EP 2555 947 8 114 4
EP 2561 574 1 240 1
SP 2561 889 5 144
EP 2562 560 5 254 5
SP 2567 310 5 102
SP 2582 802 10 500
EP 2583 789 3 148 5
EP 2589 23 9 430 3
EP 2589 986 7 64 4
NP 2595 97 7 99
EP 2611 44 6 54 2
SP 2611 532 6 411
NP 2613 730 1 417
NP 2619 296 5 500
SP 2622 763 10 76
NP 2638 505 2 328
NP 2646 452 8 237
EP 2648 242 9 254 4
SP 2655 46 1 330
EP 2665 983 4 174 5
EP 2692 519 4 436 3
NP 2694 996 3 398
SP 2699 115 3 91
EP 2699 137 1 235 3
SP 2702 884 7 430
SP 2711 159 6 291
EP 2712 691 7 221 5
SP 2733 440 9 249
EP 2735 393 10 480 5
EP 2757 121 3 146 3
SP 2776 862 1 365
SP 2781 76 3 293
NP 2783 865 9 396
EP 2785 783 5 190 5
SP 2786 458 1 52
EP 2790 234 6 276 3
NP 2794 261 5 246
NP 2811 213 2 390
SP 2817 123 8 227
SP 2819 586 1 108
EP 2825 173 6 255 3
SP 2830 977 3 102
NP 2838 293 8 56
SP 2840 421 4 392
NP 2842 252 2 270
NP 2847 294 4 295
EP 2850 850 9 450 5
EP 2851 141 5 112 1
EP 2851 410 1 121 4
NP 2858 479 2 245
EP 2859 834 10 470 1
NP 2860 462 1 494
EP 2873 244 1 104 2
SP 2884 951 5 476
NP 2894 699 10 247
NP 2899 334 2 241
NP 2901 891 3 52
SP 2904 900 10 236
NP 2907 52 10 297
SP 2910 682 4 180
EP 2913 468 7 280 1
NP 2915 503 2 493
EP 2915 719 5 287 3
SP 2921 580 6 397
NP 2927 685 8 444
NP 2933 112 4 411
EP 2933 299 5 365 4
EP 2934 380 9 291 3
SP 2934 797 1 370
NP 2935 667 6 442
SP 2942 490 4 81
SP 2944 425 2 54
EP 2949 438 8 338 1
NP 2953 987 8 317
SP 2954 98 1 486
EP 2957 160 8 376 1
SP 2959 674 9 196
NP 2973 38 6 253
NP 2981 488 6 411
SP 2982 388 10 353
NP 2982 831 9 251
SP 2991 431 3 167
SP 2991 478 4 388
SP 3001 336 2 478
EP 3001 792 6 360 2
SP 3002 382 2 254
EP 3002 750 7 214 4
EP 3005 504 3 200 2
SP 3008 30 10 330
NP 3010 212 3 424
NP 3021 547 10 311
EP 3023 760 8 468 4
EP 3026 387 4 448 5
SP 3027 371 8 194
SP 3028 673 7 371
EP 3031 445 8 395 2
EP 3032 116 6 464 5
NP 3032 239 3 449
SP 3032 298 3 82
SP 3035 845 10 305
EP 3038 938 10 228 3
NP 3039 304 3 392
NP 3042 203 8 491
NP 3043 442 10 295
SP 3053 201 1 282
NP 3055 562 1 468
EP 3056 80 3 325 4
EP 3082 686 9 425 1
NP 3082 944 3 170
EP 3083 601 6 431 1
NP 3085 259 3 60
EP 3085 553 9 152 5
NP 3087 970 1 487
NP 3091 295 1 460
SP 3096 870 7 302
NP 3102 636 3 158
EP 3106 677 2 82 5
SP 3107 974 10 272
NP 3115 786 5 173
EP 3119 921 8 167 5
EP 3122 36 3 491 3
EP 3129 842 3 243 3
EP 3150 859 8 61 3
NP 3151 803 5 238
SP 3153 372 9 111
EP 3155 451 4 286 5
EP 3155 898 5 407 1
NP 3158 301 2 263
EP 3159 793 2 449 4
EP 3163 616 7 81 1
EP 3166 473 4 389 1
NP 3169 354 5 359
SP 3174 893 3 105
NP 3177 781 5 493
SP 3182 309 1 426
NP 3183 956 1 281
EP 3184 118 4 338 5
SP 3194 743 1 246
NP 3195 401 2 325
NP 3196 341 1 60
EP 3196 494 2 365 2
SP 3197 809 2 491
NP 3198 194 8 350
NP 3201 50 5 166
EP 3207 231 5 370 5
SP 3208 486 10 426
NP 3209 92 8 233
NP 3221 922 3 72
SP 3230 132 6 97
NP 3232 214 1 105
EP 3238 718 7 80 3
SP 3241 70 10 473
EP 3248 901 3 322 2
SP 3256 568 7 458
SP 3266 383 6 292
EP 3272 426 9 102 2
SP 3272 704 3 95
NP 3274 206 4 387
EP 3277 740 7 306 3
NP 3285 71 7 481
EP 3295 42 8 185 4
NP 3297 256 7 311
SP 3298 446 1 422
SP 3301 868 10 294
SP 3306 129 1 387
NP 3311 308 6 495
NP 3320 86 1 175
SP 3324 931 2 493
NP 3334 929 1 454
SP 3340 367 9 435
SP 3343 95 3 404
EP 3355 238 1 465 5
SP 3359 689 7 173
EP 3361 811 1 258 4
SP 3366 902 4 90
NP 3368 849 1 238
EP 3369 581 3 149 2
NP 3375 144 3 72
NP 3379 774 6 451
NP 3379 828 3 191
NP 3380 286 3 308
SP 3387 290 10 229
EP 3389 550 7 304 2
NP 3403 507 3 324
NP 3407 429 8 286
NP 3412 470 7 248
SP 3426 603 5 113
SP 3429 75 7 230
EP 3437 643 1 370 1
NP 3449 710 7 290
NP 3452 368 7 488
NP 3465 273 10 274
NP 3469 541 8 395
EP 3470 105 6 185 5
EP 3472 448 2 374 1
SP 3474 108 7 89
EP 3475 990 5 98 2
SP 3481 540 8 69
EP 3486 738 5 129 3
SP 3493 543 2 440
SP 3510 972 9 440
EP 3515 679 10 198 2
SP 3518 362 9 115
SP 3524 150 10 480
EP 3524 805 4 158 5
SP 3527 759 6 170
NP 3545 467 10 394
SP 3563 625 7 101
SP 3578 917 4 282
EP 3580 980 1 346 5
EP 3584 3 7 400 2
SP 3584 210 3 430
EP 3589 855 10 358 1
SP 3594 645 7 436
EP 3605 767 4 157 1
EP 3609 937 1 424 2
EP 3611 37 1 391 5
EP 3616 846 8 401 5
NP 3619 411 3 66
EP 3622 260 6 397 3
EP 3626 918 10 327 1
NP 3629 217 3 377
EP 3630 925 3 382 1
EP 3644 965 3 235 1
EP 3645 153 3 496 3
EP 3649 280 9 209 5
EP 3654 233 2 390 1
NP 3654 598 1 168
EP 3663 56 9 384 2
EP 3676 575 3 314 3
NP 3678 535 10 260
NP 3685 130 7 440
EP 3687 289 9 161 3
NP 3691 216 1 116
SP 3696 794 6 475
NP 3723 861 1 423
NP 3726 432 8 385
EP 3728 450 3 57 3
SP 3728 696 7 461
SP 3735 424 4 213
SP 3737 187 8 386
SP 3740 979 9 459
EP 3744 527 5 381 4
NP 3773 207 7 469
NP 3794 51 6 183
NP 3795 892 2 120
EP 3799 248 10 456 3
SP 3799 297 1 83
NP 3802 343 10 280
SP 3805 437 10 496
EP 3806 742 10 92 2
NP 3809 386 8 121
EP 3818 621 3 142 3
EP 3824 914 5 228 1
NP 3826 390 1 351
SP 3830 940 3 92
SP 3832 316 2 371
NP 3833 11 4 422
EP 3833 476 5 131 4
SP 3847 521 5 225
EP 3851 539 3 482 4
SP 3852 669 2 276
EP 3866 34 1 66 3
EP 3869 563 1 327 5
SP 3872 184 9 425
NP 3877 178 10 420
SP 3892 318 8 330
SP 3892 344 4 373
EP 3895 347 3 409 5
EP 3899 604 8 227 4
NP 3902 830 4 413
NP 3905 154 1 468
NP 3909 512 7 402
NP 3915 268 8 442
NP 3918 635 10 167
EP 3921 613 10 246 2
NP 3933 405 2 425
SP 3938 820 3 316
EP 3939 999 9 74 2
SP 3946 267 6 411
SP 3949 78 1 82
SP 3962 317 3 472
NP 3965 702 6 252
SP 3969 305 7 235
NP 3976 43 3 314
SP 3976 302 6 360
NP 3980 391 4 263
EP 3980 662 8 244 4
EP 3987 449 8 228 4
NP 3989 218 10 319
EP 4004 465 4 455 2
SP 4005 705 9 179
NP 4017 615 3 97
EP 4025 278 8 175 5
EP 4025 612 9 486 5
EP 4032 89 4 397 5
EP 4033 228 3 52 1
NP 4035 597 4 494
NP 4041 782 8 471
NP 4047 879 1 475
NP 4057 875 4 198
EP 4058 788 1 379 4
NP 4066 182 2 431
SP 4071 376 2 276
NP 4091 165 5 232
EP 4095 236 7 475 1
EP 4095 775 4 398 5
EP 4100 185 2 273 4
NP 4114 863 5 66
SP 4129 587 10 150
SP 4130 171 8 214
NP 4131 629 7 492
EP 4132 397 6 337 4
SP 4133 88 1 320
SP 4134 434 3 423
NP 4142 351 2 419
SP 4143 609 1 437
EP 4143 962 2 499 5
EP 4147 600 4 81 4
NP 4148 642 3 338
NP 4148 800 3 458
EP 4161 614 10 471 2
EP 4164 907 8 152 2
EP 4179 807 9 128 4
NP 4180 33 4 207
SP 4181 976 5 422
NP 4182 698 6 409
NP 4187 164 1 157
NP 4194 651 2 356
NP 4200 430 10 355
NP 4200 959 5 108
NP 4211 495 1 349
EP 4225 841 3 337 1
NP 4231 546 5 485
SP 4233 779 4 370
SP 4247 801 9 419
NP 4253 544 6 86
NP 4270 653 4 113
EP 4273 69 7 212 1
NP 4275 984 2 159
EP 4277 605 5 158 1
EP 4284 790 5 167 5
NP 4286 145 4 254
NP 4290 991 6 151
SP 4291 827 7 192
NP 4293 102 3 335
EP 4298 943 6 384 5
EP 4300 498 5 392 4
EP 4311 579 10 258 2
NP 4318 311 3 125
EP 4326 998 5 250 2
SP 4327 731 2 228
EP 4339 530 3 355 2
NP 4347 941 10 141
NP 4351 548 10 139
EP 4378 684 1 127 2
NP 4386 935 9 468
SP 4391 590 9 465
SP 4395 676 2 152
EP 4407 138 6 339 3
SP 4409 422 8 495
NP 4412 107 10 62
SP 4417 235 10 73
SP 4428 715 9 388
EP 4431 375 7 131 2
SP 4447 322 7 395
NP 4450 955 4 316
SP 4455 493 3 264
SP 4458 482 6 190
NP 4461 511 10 476
EP 4463 103 6 364 4
NP 4465 156 4 75
EP 4476 389 6 436 4
SP 4477 412 3 209
EP 4479 886 4 318 5
EP 4481 25 8 377 3
EP 4487 618 4 407 5
NP 4492 460 3 117
EP 4504 930 10 179 4
SP 4506 419 3 440
EP 4506 464 5 392 1
EP 4525 487 10 276 3
EP 4527 817 6 317 3
SP 4529 5 1 61
NP 4537 457 7 254
NP 4543 226 7 272
EP 4543 687 5 438 5
NP 4553 263 3 498
NP 4567 876 9 103
NP 4569 35 4 67
NP 4569 858 3 323
EP 4579 189 1 370 2
NP 4604 483 3 72
NP 4608 377 7 228
NP 4608 848 6 75
EP 4612 660 8 220 3
EP 4624 161 7 265 4
SP 4628 572 6 191
NP 4630 402 8 494
EP 4632 945 4 245 3
EP 4634 701 10 444 1
NP 4637 722 4 202
EP 4643 558 10 196 4
SP 4643 812 8 195
SP 4644 192 6 61
EP 4645 28 2 445 5
EP 4647 656 3 86 5
EP 4647 755 2 398 5
NP 4649 888 9 307
EP 4656 163 2 434 3
EP 4658 735 3 311 4
EP 4661 117 8 139 4
EP 4663 725 9 352 1
EP 4671 21 2 182 1
SP 4675 577 6 347
SP 4679 885 7 471
SP 4694 942 6 390
NP 4702 752 9 110
EP 4702 869 2 394 4
SP 4703 936 3 223
SP 4707 632 1 158
SP 4736 620 5 251
NP 4736 776 8 310
EP 4741 409 6 291 1
EP 4745 275 8 349 1
EP 4749 973 2 218 4
NP 4765 537 5 67
SP 4769 151 8 398
NP 4778 315 3 102
SP 4778 648 9 187
NP 4784 67 9 131
SP 4790 748 10 65
EP 4792 124 4 263 5
SP 4794 697 1 75
NP 4795 168 1 366
EP 4805 681 9 301 5
NP 4806 358 8 251
NP 4812 594 4 154
SP 4814 208 5 160
EP 4816 818 9 484 2
SP 4819 329 3 203
SP 4827 837 2 185
EP 4834 325 3 161 3
NP 4843 29 4 458
NP 4846 823 2 404
NP 4847 477 6 430
EP 4847 510 4 60 3
NP 4850 369 10 485
EP 4850 385 5 330 4
EP 4855 993 7 433 5
EP 4857 867 7 434 3
EP 4859 364 3 376 4
SP 4867 148 5 294
SP 4875 475 9 162
EP 4881 340 7 106 4
EP 4891 664 8 147 2
EP 4894 306 5 256 2
NP 4898 714 3 281
NP 4918 180 6 465
NP 4919 352 8 101
SP 4919 400 1 352
SP 4920 695 5 342
EP 4923 593 8 127 3
NP 4926 950 5 381
EP 4929 370 5 176 5
EP 4948 326 9 192 1
EP 4958 287 3 282 1
SP 4960 773 1 109
NP 4967 126 6 461
SP 4971 545 8 64
EP 4974 2 2 460 2
EP 4974 327 1 484 5
NP 4981 441 3 148
SP 4984 958 3 430
NP 4985 276 5 110
EP 4986 245 2 255 1
EP 4998 413 7 334 5
NP 5000 453 5 367
SP 5000 825 6 147

100
12 57 10
21 341 1
90 563 5
202 34 2
300 275 9
340 968 3
349 949 5
404 823 4
521 667 10
524 746 4
582 933 2
588 981 1
590 316 1
777 375 2
805 141 9
807 871 7
861 923 2
862 551 4
871 430 3
1020 82 4
1143 61 1
1144 911 2
1157 11 7
1167 456 1
1168 499 3
1216 356 1
1257 880 10
1355 545 7
1368 363 3
1439 471 1
1453 465 9
1523 396 2
1542 908 6
1714 911 4
1718 652 6
1793 605 6
1810 835 7
1948 134 10
1977 206 7
2108 283 9
2137 891 6
2198 219 2
2238 654 9
2356 42 10
2388 623 8
2414 769 2
2467 97 1
2490 160 3
2530 427 2
2557 583 1
2571 640 7
2598 737 7
2635 138 2
2641 593 10
2698 500 6
2806 711 3
2844 563 2
2890 431 9
2894 27 9
2900 563 8
2928 327 7
2999 4 2
3035 12 8
3091 365 10
3177 812 6
3259 257 10
3337 214 1
3345 485 9
3369 94 1
3392 784 10
3469 509 7
3514 686 7
3516 639 2
3540 580 5
3556 55 4
3594 521 7
3686 764 3
3799 122 6
3889 571 3
3913 523 1
4023 546 1
4107 884 4
4110 955 2
4196 285 2
4259 584 8
4261 340 8
4323 741 4
4408 7 1
4426 565 1
4630 348 6
4633 634 1
4758 593 7
4828 649 5
4877 431 9
4886 176 6
4890 12 2
4946 166 2
4954 325 7
4986 595 4
4994 852 3
