12
110 75

0 179 463 390 234 425 81 404 373 491 209 54
217 0 138 96 66 390 77 441 421 64 195 134
59 325 0 435 283 466 350 374 100 362 448 421
231 239 224 0 247 120 404 299 428 292 98 317
489 281 443 396 0 227 112 268 376 65 482 427
138 319 80 331 310 0 200 341 400 338 445 403
343 76 399 284 449 276 0 104 415 339 67 147
183 117 273 232 99 297 318 0 295 217 82 398
356 133 424 496 226 52 447 190 0 498 489 410
416 256 388 383 218 138 94 73 88 0 439 307
93 154 318 77 243 212 124 72 266 148 0 134
246 162 332 53 436 392 160 294 490 366 223 0

14 9
11 12
14 10
13 13
5 12
10 7
10 12
5 6
6 10
12 5
6 14
15 7

600
NP 396 1 9 229
NP 191 2 6 265
EP 263 3 6 494 5
NP 106 4 7 62
EP 52 5 1 249 2
SP 222 6 4 89
NP 478 7 2 381
SP 239 8 6 418
SP 22 9 9 92
NP 486 10 12 73
EP 249 11 12 403 2
EP 74 12 5 304 2
EP 203 13 9 361 5
SP 156 14 9 129
SP 366 15 9 236
SP 93 16 12 73
EP 411 17 9 350 2
SP 207 18 7 309
NP 136 19 10 157
EP 35 20 5 454 5
NP 23 21 5 431
SP 126 22 11 152
SP 114 23 1 304
NP 144 24 4 140
SP 216 25 4 57
NP 367 26 12 209
EP 116 27 6 258 5
SP 302 28 8 225
SP 150 29 3 343
NP 78 30 2 479
NP 89 31 6 428
SP 373 32 10 132
SP 382 33 1 293
SP 370 34 11 83
NP 158 35 12 252
SP 398 36 11 343
NP 62 37 7 374
SP 173 38 6 166
SP 61 39 5 129
EP 417 40 3 213 4
SP 354 41 12 227
SP 195 42 2 264
EP 262 43 8 90 5
SP 147 44 12 147
SP 130 45 9 169
SP 219 46 10 271
SP 282 47 10 427
SP 326 48 8 162
NP 41 49 11 181
SP 160 50 12 376
EP 116 51 11 234 3
NP 317 52 4 374
EP 472 53 8 408 4
SP 463 54 7 439
NP 425 55 7 124
EP 90 56 3 222 4
SP 223 57 10 474
SP 176 58 11 128
NP 292 59 7 146
SP 389 60 8 440
NP 496 61 1 328
NP 258 62 8 130
EP 385 63 1 379 1
NP 294 64 8 317
NP 499 65 12 228
EP 291 66 10 471 1
NP 210 67 9 334
EP 25 68 9 182 1
EP 223 69 4 485 3
NP 51 70 9 395
SP 72 71 6 469
EP 135 72 11 126 1
NP 457 73 6 186
SP 265 74 2 247
SP 76 75 11 136
SP 42 76 8 465
NP 488 77 5 187
NP 76 78 8 140
NP 185 79 10 274
NP 130 80 12 300
NP 472 81 1 145
NP 415 82 2 263
SP 160 83 10 362
EP 206 84 12 57 5
EP 317 85 3 144 1
SP 93 86 3 250
EP 204 87 10 141 5
EP 261 88 12 107 5
EP 158 89 5 422 2
SP 58 90 9 311
EP 144 91 5 378 4
NP 314 92 7 364
NP 109 93 3 373
SP 159 94 10 146
NP 376 95 2 356
SP 24 96 3 460
NP 313 97 1 252
SP 360 98 1 328
SP 423 99 4 107
EP 64 100 2 334 5
EP 62 101 7 195 4
SP 231 102 2 257
SP 136 103 11 492
NP 342 104 5 118
EP 137 105 11 424 5
SP 229 106 1 67
EP 39 107 10 390 4
SP 315 108 12 295
SP 113 109 1 131
SP 329 110 7 159
EP 323 111 12 195 2
EP 284 112 10 438 5
NP 225 113 7 60
NP 20 114 10 463
NP 300 115 6 101
NP 118 116 1 408
NP 295 117 9 409
SP 421 118 3 399
EP 457 119 12 249 5
SP 363 120 8 318
NP 303 121 7 425
EP 320 122 10 225 2
NP 442 123 1 94
SP 319 124 3 198
NP 82 125 2 299
NP 320 126 4 155
EP 422 127 10 229 2
EP 481 128 12 307 3
EP 252 129 6 121 2
NP 29 130 7 284
EP 11 131 9 120 2
NP 332 132 8 340
SP 12 133 7 453
NP 424 134 1 193
NP 305 135 5 433
NP 441 136 7 260
EP 347 137 12 423 4
EP 123 138 7 102 1
SP 471 139 9 191
EP 339 140 6 487 5
EP 420 141 4 120 3
NP 373 142 1 481
EP 277 143 4 75 5
EP 87 144 12 125 2
SP 349 145 3 237
EP 120 146 6 157 5
SP 35 147 2 146
EP 98 148 11 305 1
NP 86 149 6 134
SP 115 150 4 284
EP 142 151 9 281 4
NP 486 152 4 184
SP 85 153 7 170
EP 27 154 12 301 5
EP 156 155 12 431 2
EP 421 156 6 71 4
EP 350 157 12 433 4
EP 25 158 5 126 4
EP 84 159 2 227 3
NP 42 160 6 168
EP 275 161 2 468 2
NP 65 162 10 457
SP 132 163 12 100
EP 104 164 9 79 2
EP 167 165 5 302 1
SP 122 166 3 495
NP 274 167 5 480
NP 354 168 1 414
SP 216 169 1 137
NP 18 170 3 412
NP 205 171 7 308
SP 324 172 12 304
SP 105 173 7 500
NP 234 174 6 68
SP 490 175 4 359
NP 331 176 5 456
NP 316 177 10 254
SP 427 178 3 462
EP 48 179 2 351 3
EP 446 180 12 472 2
SP 116 181 7 305
EP 266 182 1 434 3
NP 466 183 10 398
NP 361 184 2 322
EP 264 185 5 186 1
NP 132 186 5 387
NP 176 187 5 51
NP 340 188 12 385
EP 386 189 2 58 1
NP 476 190 5 368
EP 415 191 6 153 4
EP 193 192 3 100 1
NP 423 193 5 150
NP 39 194 12 274
SP 253 195 4 107
NP 388 196 3 440
NP 23 197 1 153
SP 152 198 6 391
SP 242 199 7 61
NP 186 200 7 347
SP 13 201 5 437
SP 335 202 5 284
EP 146 203 4 286 5
EP 455 204 1 286 1
SP 180 205 9 159
SP 191 206 9 236
NP 110 207 4 77
EP 365 208 11 52 5
SP 64 209 6 329
EP 161 210 9 58 5
EP 444 211 7 194 2
NP 183 212 2 412
EP 93 213 2 445 1
SP 321 214 12 151
SP 248 215 8 264
SP 185 216 1 237
NP 127 217 9 482
SP 499 218 10 236
SP 403 219 8 283
EP 163 220 8 88 1
NP 31 221 2 123
SP 421 222 7 162
NP 241 223 2 341
SP 242 224 10 67
SP 37 225 2 89
SP 403 226 3 223
EP 420 227 1 157 2
NP 495 228 3 421
NP 346 229 6 127
EP 12 230 1 410 5
NP 92 231 9 401
SP 121 232 5 259
SP 340 233 5 280
SP 258 234 4 392
EP 60 235 11 444 2
EP 407 236 2 269 3
SP 218 237 10 129
SP 68 238 1 59
NP 127 239 7 455
EP 142 240 1 470 1
NP 472 241 7 163
NP 461 242 8 149
SP 391 243 11 171
SP 86 244 11 222
EP 402 245 11 118 5
NP 171 246 10 482
SP 212 247 7 131
NP 278 248 7 175
SP 222 249 10 253
SP 100 250 11 470
EP 477 251 11 457 1
SP 41 252 5 129
SP 482 253 3 56
SP 19 254 12 392
NP 309 255 12 94
SP 302 256 7 155
EP 281 257 10 338 4
EP 468 258 2 365 1
EP 434 259 10 246 1
EP 39 260 4 465 1
EP 100 261 1 98 1
NP 232 262 3 224
SP 39 263 9 111
EP 442 264 6 90 4
SP 139 265 8 163
SP 457 266 1 443
EP 500 267 9 122 3
NP 156 268 5 326
NP 464 269 8 484
SP 148 270 5 360
NP 73 271 1 273
EP 229 272 7 92 2
SP 49 273 12 136
SP 221 274 11 189
EP 193 275 12 222 1
EP 79 276 2 103 5
EP 62 277 4 101 2
SP 484 278 11 244
NP 450 279 5 381
EP 444 280 9 73 5
SP 278 281 4 236
SP 69 282 8 363
SP 357 283 7 159
EP 281 284 2 270 4
EP 36 285 3 496 1
NP 413 286 7 237
SP 436 287 11 187
NP 371 288 1 393
NP 323 289 2 154
SP 133 290 10 107
EP 45 291 7 444 3
EP 163 292 6 306 3
SP 23 293 6 157
SP 376 294 6 215
NP 389 295 4 256
NP 408 296 3 272
NP 207 297 2 463
EP 388 298 2 253 5
EP 451 299 7 154 5
EP 450 300 10 481 5
SP 304 301 3 227
NP 197 302 2 206
SP 283 303 6 55
NP 221 304 7 479
NP 186 305 5 172
EP 352 306 8 76 3
EP 234 307 11 144 1
NP 41 308 11 250
EP 224 309 6 296 4
EP 257 310 9 157 1
NP 268 311 6 395
SP 237 312 7 115
NP 169 313 4 486
NP 491 314 3 75
NP 28 315 10 357
EP 457 316 10 332 3
EP 443 317 9 405 3
NP 85 318 4 428
SP 377 319 12 186
EP 389 320 8 212 3
NP 289 321 9 323
EP 263 322 4 432 1
NP 491 323 12 141
EP 335 324 12 240 3
NP 466 325 9 271
SP 416 326 11 272
NP 221 327 12 83
EP 196 328 2 393 2
EP 391 329 3 216 5
NP 57 330 1 235
SP 440 331 10 481
NP 245 332 9 156
NP 316 333 12 110
EP 184 334 8 248 1
NP 443 335 8 481
NP 493 336 11 366
EP 8 337 10 309 1
NP 361 338 1 415
NP 300 339 9 214
SP 110 340 6 314
SP 284 341 10 473
NP 56 342 11 224
EP 148 343 4 261 2
SP 261 344 8 386
NP 332 345 8 184
SP 418 346 5 471
SP 86 347 6 297
EP 414 348 12 226 1
EP 108 349 10 453 2
NP 153 350 10 139
EP 464 351 9 81 5
SP 425 352 9 308
EP 313 353 7 313 4
SP 466 354 5 456
SP 437 355 3 117
NP 22 356 11 254
SP 362 357 6 398
NP 441 358 1 218
SP 422 359 1 97
EP 349 360 1 75 2
SP 469 361 1 50
EP 369 362 1 492 4
NP 307 363 1 365
EP 13 364 4 159 5
NP 111 365 1 365
NP 293 366 6 195
EP 227 367 5 160 5
NP 120 368 12 95
EP 41 369 8 478 4
SP 182 370 5 164
EP 182 371 9 136 3
EP 494 372 2 227 4
NP 80 373 3 211
EP 499 374 10 264 4
NP 477 375 3 344
EP 417 376 7 330 5
NP 82 377 10 222
NP 188 378 8 370
NP 26 379 7 410
SP 459 380 6 443
EP 168 381 9 491 4
EP 397 382 1 102 5
SP 468 383 5 351
NP 49 384 5 243
NP 131 385 8 399
SP 420 386 12 173
NP 285 387 2 322
NP 130 388 2 74
NP 435 389 1 114
NP 383 390 7 381
EP 222 391 10 87 1
NP 373 392 3 247
NP 172 393 11 224
SP 296 394 5 196
EP 343 395 6 313 5
NP 199 396 12 360
NP 68 397 5 163
NP 88 398 2 121
SP 41 399 1 171
EP 73 400 8 126 1
SP 439 401 4 71
SP 347 402 4 217
SP 108 403 2 317
SP 396 404 2 174
EP 460 405 4 252 4
EP 149 406 12 64 4
EP 405 407 12 102 5
EP 85 408 12 433 2
NP 64 409 8 254
SP 326 410 9 130
SP 137 411 10 388
NP 199 412 11 91
NP 197 413 10 433
SP 253 414 6 328
EP 327 415 2 422 2
EP 305 416 9 371 3
EP 148 417 4 222 4
NP 244 418 3 84
EP 108 419 4 234 4
EP 231 420 3 476 1
SP 258 421 10 227
EP 313 422 1 188 1
SP 86 423 4 219
NP 310 424 3 483
NP 352 425 2 261
NP 144 426 10 247
NP 145 427 7 293
EP 485 428 9 295 1
SP 221 429 7 476
SP 50 430 6 179
EP 338 431 5 384 4
EP 59 432 5 424 1
EP 49 433 6 332 3
SP 145 434 2 246
NP 30 435 3 427
EP 325 436 4 79 5
NP 24 437 12 160
SP 448 438 6 52
EP 103 439 9 323 2
NP 98 440 6 99
EP 239 441 4 467 2
SP 210 442 12 388
NP 227 443 4 391
SP 180 444 12 307
NP 73 445 6 64
EP 123 446 10 345 3
EP 54 447 11 251 1
EP 28 448 6 53 4
EP 37 449 6 131 2
NP 322 450 1 87
NP 370 451 7 52
NP 138 452 4 482
EP 62 453 6 334 4
EP 151 454 4 68 5
SP 304 455 4 450
SP 243 456 4 74
NP 377 457 3 110
EP 390 458 10 368 3
EP 440 459 5 67 1
EP 429 460 12 180 3
EP 334 461 3 430 4
EP 227 462 3 457 4
SP 66 463 12 405
SP 164 464 2 315
SP 88 465 5 298
NP 179 466 11 354
NP 301 467 9 340
EP 222 468 10 457 3
SP 443 469 3 257
SP 185 470 7 426
SP 459 471 2 287
NP 83 472 2 304
NP 95 473 2 251
EP 51 474 11 164 5
EP 432 475 7 269 5
EP 357 476 6 162 4
EP 172 477 9 445 2
EP 392 478 9 140 2
NP 377 479 10 206
EP 315 480 7 160 2
NP 229 481 9 234
SP 302 482 10 297
SP 49 483 7 220
EP 243 484 3 287 3
SP 23 485 3 123
NP 306 486 3 375
EP 37 487 3 388 2
EP 404 488 9 322 4
EP 23 489 5 390 1
EP 222 490 3 142 4
NP 182 491 3 204
SP 324 492 6 363
NP 355 493 12 275
NP 316 494 3 182
NP 267 495 3 249
NP 99 496 3 201
EP 112 497 11 463 3
SP 424 498 4 465
EP 494 499 7 204 5
EP 486 500 9 396 2
SP 442 501 9 292
EP 440 502 1 81 2
EP 139 503 9 260 3
EP 241 504 10 156 3
SP 461 505 6 497
EP 86 506 12 331 3
EP 124 507 6 176 3
NP 14 508 5 431
NP 138 509 6 423
SP 210 510 4 164
SP 145 511 12 357
EP 269 512 12 365 3
EP 428 513 5 279 3
EP 416 514 2 399 2
NP 331 515 9 332
NP 334 516 2 105
SP 33 517 1 109
EP 409 518 7 440 5
EP 119 519 9 260 1
SP 337 520 3 343
EP 273 521 11 486 4
EP 23 522 2 178 5
SP 182 523 5 244
NP 53 524 5 473
SP 451 525 4 68
SP 140 526 7 423
SP 399 527 5 378
EP 311 528 7 267 4
NP 272 529 3 303
EP 494 530 3 126 3
EP 486 531 12 413 1
NP 467 532 6 316
EP 338 533 4 413 1
EP 453 534 8 80 5
NP 395 535 1 85
NP 418 536 1 128
EP 385 537 6 169 1
SP 193 538 9 450
SP 334 539 9 365
EP 374 540 3 186 3
EP 182 541 1 274 4
SP 156 542 4 471
EP 117 543 3 285 1
EP 352 544 7 240 2
EP 368 545 10 219 4
NP 207 546 3 258
EP 430 547 11 304 3
SP 390 548 4 199
NP 196 549 3 476
EP 199 550 12 411 2
SP 359 551 3 102
EP 212 552 6 50 1
EP 244 553 10 308 2
NP 383 554 6 381
NP 359 555 9 301
SP 156 556 1 182
SP 283 557 1 240
SP 364 558 8 355
EP 479 559 2 415 5
NP 311 560 6 360
NP 300 561 1 414
EP 174 562 2 363 5
EP 2 563 4 106 3
SP 201 564 6 94
NP 403 565 8 200
NP 12 566 2 125
NP 479 567 11 446
EP 302 568 5 364 2
NP 303 569 3 330
NP 390 570 2 471
SP 4 571 3 95
NP 398 572 11 490
SP 141 573 11 232
SP 10 574 10 447
NP 230 575 8 145
NP 19 576 11 189
NP 205 577 6 336
SP 241 578 8 464
NP 176 579 12 259
NP 121 580 11 382
SP 225 581 1 457
EP 370 582 2 330 5
EP 453 583 7 177 1
EP 261 584 1 100 4
EP 424 585 9 268 3
NP 209 586 8 56
NP 150 587 2 289
SP 317 588 1 370
NP 451 589 6 325
NP 286 590 1 254
EP 297 591 11 177 5
EP 385 592 6 418 5
SP 160 593 2 440
NP 394 594 7 199
SP 434 595 6 395
EP 188 596 2 101 2
EP 29 597 7 85 2
NP 51 598 2 461
SP 96 599 9 180
EP 141 600 3 244 3

250
249 189
485 1
91 130
299 456
265 369
25 257
447 581
473 355
340 299
176 196
271 279
293 86
62 381
494 52
224 234
296 134
72 440
372 28
81 427
140 568
172 467
478 591
190 573
157 7
312 311
293 537
35 246
387 382
414 465
152 596
43 473
62 276
114 482
242 188
354 394
348 402
435 323
181 501
380 3
414 424
113 333
428 331
378 52
195 30
166 435
393 151
409 124
190 500
327 497
436 509
109 530
323 535
196 7
347 29
14 52
227 94
233 301
322 104
143 543
243 97
500 258
462 90
104 149
166 237
259 189
497 505
323 7
453 185
382 50
257 371
385 528
327 315
1 447
58 176
353 303
251 194
15 138
257 396
461 39
403 378
145 137
411 33
351 506
10 417
305 278
78 293
250 11
409 350
251 101
290 8
371 423
261 310
157 132
116 349
233 38
127 582
155 445
222 281
63 312
377 405
440 44
100 214
474 288
138 506
423 8
4 474
49 353
129 483
130 21
368 22
73 438
332 453
185 237
255 198
379 268
220 443
221 381
146 80
77 572
158 100
149 219
4 519
412 215
479 193
387 263
497 187
328 381
308 410
54 258
454 278
190 35
262 391
11 174
408 588
54 202
321 155
445 540
343 132
267 434
417 204
385 437
157 361
220 117
274 522
213 94
21 575
56 306
139 186
399 141
269 127
333 535
28 433
340 578
272 157
409 149
256 243
248 252
465 293
87 496
435 408
418 160
146 401
488 226
178 479
371 312
357 394
376 597
249 537
468 540
148 274
336 260
310 445
481 485
491 220
486 513
85 184
272 564
342 11
293 429
232 341
82 448
231 95
271 180
429 500
176 478
375 229
331 497
145 111
444 27
37 572
366 198
274 50
307 329
303 165
469 539
22 449
105 163
382 132
389 582
270 132
236 382
234 337
55 399
83 417
308 57
77 174
259 472
22 449
386 55
283 254
13 287
379 507
286 149
360 158
1 188
272 315
95 398
106 341
161 399
389 163
188 349
398 296
450 68
281 24
414 366
312 415
6 178
419 211
413 104
466 41
311 81
308 120
271 229
6 570
139 2
162 492
131 354
472 596
339 31
410 338
92 81
458 92
127 205
399 180
87 544
67 377
67 388
87 20
240 527
238 62
