1
110 75

0

9 6

500
EP 2 482 1 404 2
NP 5 93 1 236
SP 11 244 1 101
NP 34 451 1 330
SP 54 6 1 499
EP 72 434 1 302 5
NP 75 39 1 101
NP 75 237 1 170
SP 80 493 1 415
NP 81 189 1 257
SP 82 129 1 260
EP 84 134 1 275 4
SP 103 498 1 237
EP 104 460 1 134 2
EP 110 318 1 255 2
SP 111 71 1 356
SP 112 231 1 393
NP 127 167 1 418
EP 129 186 1 497 1
EP 129 472 1 453 4
EP 142 159 1 405 2
SP 143 209 1 466
SP 179 125 1 89
SP 184 37 1 92
EP 188 53 1 422 1
EP 192 197 1 112 2
EP 217 70 1 296 1
SP 230 87 1 246
SP 232 326 1 78
SP 239 201 1 499
NP 243 173 1 291
EP 257 146 1 334 3
EP 259 111 1 141 5
EP 275 252 1 257 5
EP 287 5 1 315 3
EP 288 360 1 485 5
EP 294 275 1 69 1
SP 298 463 1 336
EP 302 188 1 327 4
NP 308 373 1 382
EP 313 444 1 310 2
EP 329 133 1 318 5
SP 358 216 1 445
SP 364 102 1 431
NP 365 480 1 68
NP 369 312 1 399
SP 371 218 1 272
NP 385 427 1 167
SP 426 29 1 323
SP 436 452 1 362
NP 444 224 1 70
EP 448 25 1 148 2
SP 476 319 1 480
SP 484 322 1 304
NP 488 383 1 470
EP 505 138 1 409 5
SP 521 448 1 488
NP 572 413 1 291
EP 573 337 1 87 4
SP 576 210 1 442
NP 605 236 1 314
NP 606 474 1 82
NP 613 329 1 240
NP 616 217 1 492
EP 618 355 1 188 4
EP 625 68 1 128 4
EP 638 174 1 194 4
SP 646 459 1 105
NP 668 132 1 380
SP 680 154 1 126
EP 690 262 1 117 1
EP 702 205 1 116 4
EP 708 249 1 486 2
NP 709 488 1 313
NP 718 85 1 131
NP 722 358 1 433
EP 724 306 1 171 1
NP 736 61 1 404
SP 738 433 1 488
EP 740 428 1 453 4
SP 753 301 1 441
NP 757 232 1 200
EP 767 396 1 148 2
EP 780 1 1 285 3
NP 792 213 1 378
SP 796 363 1 126
EP 798 431 1 340 3
EP 813 327 1 133 4
NP 816 127 1 142
NP 820 119 1 453
NP 829 333 1 131
NP 855 370 1 424
NP 861 294 1 316
EP 874 193 1 109 5
EP 875 447 1 318 5
SP 895 86 1 324
SP 899 365 1 451
NP 900 393 1 323
EP 908 424 1 95 4
NP 912 169 1 427
SP 913 4 1 134
NP 923 446 1 242
NP 934 405 1 166
SP 938 91 1 176
NP 940 449 1 220
EP 969 340 1 231 2
SP 969 377 1 299
EP 995 255 1 443 2
SP 1031 341 1 276
NP 1035 495 1 122
SP 1074 31 1 421
SP 1080 140 1 80
SP 1092 491 1 333
NP 1097 46 1 91
EP 1103 496 1 310 5
NP 1112 266 1 416
NP 1115 470 1 206
NP 1116 56 1 279
EP 1118 354 1 215 1
NP 1118 404 1 83
NP 1120 478 1 347
EP 1138 278 1 223 1
NP 1146 42 1 146
SP 1168 378 1 136
SP 1176 468 1 216
NP 1177 364 1 486
EP 1188 271 1 384 3
SP 1193 331 1 309
SP 1202 44 1 292
NP 1218 315 1 179
SP 1223 3 1 70
NP 1245 152 1 320
NP 1250 325 1 452
EP 1251 23 1 154 2
EP 1264 28 1 177 3
SP 1269 351 1 448
EP 1276 464 1 119 2
EP 1283 206 1 404 5
EP 1296 481 1 335 3
NP 1297 120 1 283
EP 1300 128 1 207 3
SP 1308 412 1 270
SP 1309 441 1 100
EP 1314 323 1 259 4
NP 1343 7 1 480
SP 1349 309 1 269
EP 1350 9 1 83 5
EP 1353 67 1 369 5
SP 1359 477 1 472
NP 1380 175 1 84
EP 1394 143 1 351 2
SP 1406 371 1 191
NP 1417 178 1 476
SP 1418 43 1 132
NP 1438 191 1 331
EP 1442 276 1 214 1
NP 1450 394 1 234
NP 1455 390 1 448
SP 1469 57 1 324
NP 1477 299 1 51
SP 1488 164 1 476
EP 1504 126 1 204 2
NP 1515 226 1 485
EP 1543 212 1 99 1
NP 1543 374 1 61
SP 1573 443 1 295
SP 1596 479 1 131
NP 1597 49 1 486
SP 1598 240 1 376
SP 1612 492 1 267
EP 1628 32 1 326 5
SP 1634 391 1 126
EP 1669 453 1 98 5
EP 1671 144 1 165 3
SP 1691 242 1 178
EP 1695 117 1 217 1
SP 1699 246 1 138
EP 1704 82 1 379 2
EP 1727 11 1 70 4
EP 1740 35 1 372 3
NP 1763 166 1 333
EP 1774 296 1 109 3
NP 1777 208 1 302
NP 1784 410 1 381
SP 1822 426 1 279
NP 1824 66 1 260
SP 1827 124 1 265
SP 1838 264 1 285
NP 1849 187 1 465
SP 1860 489 1 351
EP 1862 305 1 442 1
EP 1867 172 1 246 4
EP 1867 483 1 341 4
EP 1868 194 1 473 1
NP 1877 254 1 236
NP 1886 48 1 261
EP 1903 185 1 189 1
NP 1904 22 1 452
SP 1944 251 1 105
EP 1949 114 1 362 5
EP 1952 380 1 361 3
SP 1959 220 1 78
EP 1962 108 1 163 1
NP 1985 147 1 409
EP 1985 382 1 322 3
SP 1995 388 1 206
NP 1996 36 1 190
NP 2011 291 1 285
SP 2021 437 1 260
SP 2030 304 1 353
EP 2041 15 1 350 3
EP 2045 183 1 252 5
NP 2061 419 1 352
EP 2073 283 1 51 5
NP 2082 432 1 157
SP 2088 55 1 184
NP 2094 72 1 108
SP 2112 286 1 268
NP 2129 58 1 53
EP 2136 204 1 494 2
NP 2141 335 1 169
EP 2148 295 1 272 4
SP 2152 375 1 346
SP 2172 445 1 118
NP 2182 2 1 235
SP 2183 192 1 399
EP 2198 402 1 260 4
SP 2202 105 1 366
EP 2208 289 1 157 5
SP 2222 484 1 465
EP 2252 10 1 211 1
SP 2259 81 1 443
EP 2267 176 1 261 2
SP 2267 263 1 314
SP 2268 456 1 127
EP 2272 273 1 118 5
NP 2276 203 1 484
NP 2290 75 1 376
EP 2308 18 1 50 1
SP 2317 12 1 274
EP 2326 92 1 422 1
NP 2349 223 1 300
NP 2354 343 1 487
NP 2368 359 1 256
NP 2370 63 1 237
SP 2396 103 1 222
SP 2413 136 1 313
EP 2432 115 1 461 5
NP 2435 170 1 241
NP 2436 137 1 113
EP 2449 202 1 482 1
EP 2462 221 1 104 1
EP 2465 165 1 67 5
EP 2467 408 1 99 1
EP 2484 250 1 422 1
NP 2495 222 1 456
NP 2498 200 1 116
NP 2500 430 1 333
SP 2502 26 1 365
NP 2510 52 1 187
EP 2523 461 1 391 1
NP 2530 14 1 76
EP 2536 228 1 409 5
NP 2540 400 1 461
NP 2542 422 1 219
SP 2544 118 1 321
SP 2554 62 1 336
EP 2568 151 1 485 3
EP 2579 261 1 312 1
SP 2579 367 1 449
NP 2599 40 1 381
NP 2609 112 1 216
SP 2623 247 1 341
SP 2625 379 1 216
EP 2631 104 1 353 1
EP 2639 281 1 295 3
SP 2674 259 1 109
NP 2682 265 1 448
SP 2688 407 1 334
SP 2704 149 1 255
EP 2714 342 1 262 1
EP 2728 376 1 243 3
SP 2753 287 1 146
EP 2758 316 1 474 4
NP 2781 338 1 106
NP 2782 346 1 485
NP 2786 145 1 416
SP 2797 473 1 225
NP 2798 150 1 162
NP 2800 190 1 499
EP 2829 182 1 383 2
EP 2829 436 1 114 1
SP 2840 34 1 286
SP 2854 80 1 353
NP 2859 78 1 378
SP 2861 168 1 257
NP 2865 64 1 78
SP 2888 368 1 390
NP 2891 162 1 365
SP 2912 83 1 244
EP 2915 344 1 493 1
EP 2916 195 1 347 4
SP 2933 41 1 375
EP 2934 101 1 343 5
EP 2951 65 1 428 1
EP 2956 84 1 452 5
SP 2962 362 1 78
SP 2979 429 1 143
EP 2980 450 1 153 1
SP 3004 73 1 192
SP 3011 181 1 258
SP 3029 153 1 212
NP 3037 161 1 334
EP 3039 361 1 312 5
NP 3046 357 1 166
EP 3058 123 1 173 4
SP 3074 414 1 179
SP 3079 21 1 214
NP 3081 47 1 277
SP 3094 311 1 95
EP 3095 313 1 249 4
EP 3124 466 1 81 5
SP 3131 179 1 407
SP 3135 467 1 279
SP 3160 497 1 302
SP 3182 277 1 460
EP 3206 248 1 253 5
NP 3209 198 1 160
SP 3217 219 1 456
SP 3228 411 1 348
SP 3240 38 1 250
EP 3247 207 1 111 1
EP 3267 79 1 180 1
SP 3277 499 1 439
NP 3291 350 1 417
NP 3292 369 1 234
SP 3295 30 1 146
EP 3314 280 1 435 2
SP 3328 440 1 73
NP 3339 416 1 160
SP 3346 399 1 100
SP 3361 485 1 365
NP 3367 95 1 290
NP 3391 211 1 441
NP 3420 469 1 316
EP 3422 69 1 145 1
SP 3443 235 1 285
SP 3455 77 1 356
SP 3464 334 1 200
SP 3466 17 1 443
EP 3472 339 1 220 1
SP 3475 130 1 300
EP 3480 100 1 217 4
SP 3503 131 1 240
EP 3535 423 1 67 2
EP 3536 214 1 358 3
SP 3557 33 1 156
SP 3559 392 1 394
SP 3560 308 1 343
NP 3562 298 1 53
SP 3571 366 1 449
EP 3581 19 1 130 5
EP 3608 356 1 80 1
SP 3616 51 1 194
EP 3617 163 1 104 4
NP 3617 490 1 76
SP 3633 106 1 301
NP 3645 215 1 397
EP 3647 243 1 412 4
NP 3648 256 1 358
EP 3664 293 1 445 4
NP 3677 487 1 310
EP 3678 302 1 375 4
NP 3688 180 1 227
NP 3693 288 1 233
SP 3697 76 1 266
EP 3697 336 1 368 5
SP 3701 415 1 156
SP 3715 184 1 133
EP 3718 233 1 303 1
SP 3761 156 1 220
EP 3761 348 1 148 4
EP 3777 24 1 325 1
NP 3778 494 1 183
EP 3815 425 1 178 5
NP 3823 439 1 154
NP 3824 457 1 56
EP 3827 418 1 258 2
NP 3838 268 1 215
NP 3844 121 1 305
NP 3845 282 1 317
SP 3874 96 1 224
NP 3891 238 1 211
EP 3901 258 1 300 2
EP 3902 177 1 218 1
EP 3904 372 1 170 3
SP 3906 385 1 191
NP 3910 409 1 169
EP 3918 421 1 407 5
EP 3948 227 1 244 2
SP 3952 285 1 462
EP 3958 253 1 352 3
SP 3967 241 1 146
SP 3970 99 1 404
EP 3981 420 1 181 3
NP 3990 171 1 150
EP 3993 54 1 378 4
EP 4005 458 1 92 3
EP 4023 74 1 113 4
EP 4027 347 1 392 1
SP 4030 290 1 298
EP 4043 158 1 266 5
SP 4045 141 1 205
EP 4056 300 1 345 3
EP 4062 13 1 184 3
NP 4075 328 1 100
EP 4094 270 1 478 5
SP 4096 142 1 412
SP 4113 225 1 346
NP 4116 45 1 160
NP 4124 135 1 145
NP 4136 475 1 284
SP 4140 97 1 78
EP 4142 269 1 463 5
EP 4153 98 1 87 1
EP 4173 345 1 206 2
EP 4190 245 1 446 5
EP 4214 8 1 50 3
NP 4214 471 1 56
NP 4216 59 1 232
NP 4218 398 1 393
NP 4233 320 1 203
EP 4239 455 1 163 4
NP 4248 397 1 145
NP 4256 381 1 462
SP 4257 395 1 365
NP 4259 314 1 379
NP 4289 465 1 390
SP 4296 442 1 391
SP 4323 310 1 491
SP 4329 196 1 178
NP 4336 113 1 411
EP 4337 406 1 236 5
SP 4338 476 1 72
SP 4347 307 1 150
SP 4376 284 1 169
SP 4379 486 1 433
EP 4397 330 1 485 3
EP 4403 349 1 328 5
NP 4420 116 1 437
NP 4424 272 1 279
NP 4430 417 1 136
EP 4431 234 1 244 4
NP 4432 297 1 266
SP 4440 438 1 368
NP 4463 107 1 342
EP 4471 324 1 315 4
NP 4477 148 1 99
EP 4505 257 1 110 4
NP 4507 230 1 146
NP 4512 353 1 464
SP 4516 122 1 155
SP 4524 20 1 204
SP 4566 16 1 182
NP 4567 94 1 471
NP 4575 352 1 416
NP 4575 389 1 146
EP 4600 88 1 496 5
EP 4609 199 1 102 5
EP 4619 89 1 380 2
NP 4644 50 1 466
EP 4652 155 1 87 5
SP 4655 229 1 121
NP 4667 90 1 473
EP 4686 384 1 406 2
SP 4691 279 1 139
EP 4700 110 1 468 3
NP 4705 435 1 431
SP 4714 260 1 400
NP 4718 321 1 209
SP 4725 239 1 200
SP 4727 60 1 450
EP 4784 27 1 403 4
SP 4785 462 1 279
NP 4786 317 1 388
EP 4797 303 1 222 1
SP 4804 139 1 440
EP 4826 500 1 469 4
EP 4827 160 1 139 5
SP 4854 109 1 202
SP 4860 403 1 349
EP 4864 267 1 274 2
EP 4879 157 1 320 3
NP 4882 292 1 291
NP 4938 387 1 317
EP 4943 386 1 124 1
EP 4950 274 1 78 5
EP 4954 332 1 444 5
SP 4977 454 1 235
SP 4984 401 1 306

50
102 202 1
383 283 1
499 372 1
576 60 1
666 482 1
913 408 1
935 148 1
947 12 1
1008 41 1
1116 11 1
1137 416 1
1293 456 1
1312 423 1
1539 152 1
1548 441 1
1843 336 1
1927 103 1
2105 157 1
2214 477 1
2285 232 1
2474 238 1
2503 154 1
2588 66 1
2610 88 1
2681 266 1
2692 123 1
2753 344 1
2881 288 1
3158 397 1
3204 34 1
3220 293 1
3304 257 1
3361 145 1
3390 212 1
3588 17 1
3768 52 1
3828 451 1
3919 438 1
3966 450 1
3972 63 1
3972 224 1
4194 270 1
4318 57 1
4519 347 1
4649 218 1
4705 84 1
4785 479 1
4834 330 1
4855 106 1
4888 29 1
