7
110 75

0 95 205 95 352 265 476
419 0 294 214 266 167 459
365 178 0 371 198 251 339
373 494 415 0 104 227 217
232 290 271 323 0 275 161
450 467 203 468 284 0 103
446 58 420 150 161 294 0

14 8
9 15
11 13
12 9
10 5
13 9
9 9

300
SP 1 201 7 435
SP 1 234 7 64
SP 4 188 2 241
NP 5 152 1 124
EP 6 10 4 382 1
EP 7 109 4 69 4
NP 7 119 5 413
EP 9 254 6 93 4
EP 10 154 2 267 5
EP 14 231 2 439 4
SP 18 142 2 64
EP 18 193 2 89 3
EP 19 232 4 362 4
NP 20 278 2 208
NP 21 128 5 246
SP 26 159 1 79
SP 28 235 1 413
EP 39 156 3 201 2
NP 39 226 2 218
SP 40 162 6 117
NP 41 252 5 441
NP 44 274 3 196
SP 47 286 3 450
EP 48 206 4 321 3
NP 49 280 4 161
NP 51 178 1 494
EP 54 209 1 299 4
SP 61 225 4 155
NP 62 253 1 428
NP 66 123 2 66
SP 66 265 2 320
EP 70 187 1 342 5
NP 72 130 3 51
NP 73 143 4 237
NP 74 214 4 447
EP 80 129 2 438 1
NP 81 11 1 435
NP 83 69 4 72
EP 83 276 7 388 4
SP 84 139 1 209
NP 85 12 3 129
SP 86 94 6 227
NP 88 107 7 288
NP 93 168 7 79
NP 93 275 2 492
EP 94 29 1 102 2
NP 94 285 2 388
SP 97 190 4 136
EP 97 263 1 281 3
EP 102 284 3 413 5
EP 105 223 1 291 5
SP 106 161 4 70
EP 112 38 1 468 1
EP 115 126 2 267 2
NP 118 108 5 295
SP 118 173 7 460
NP 119 63 2 302
SP 119 249 4 402
EP 121 59 3 491 3
NP 121 174 1 297
SP 122 103 1 112
NP 123 167 6 259
NP 124 300 2 381
SP 126 39 7 221
EP 128 92 4 459 2
SP 129 113 7 189
NP 131 28 2 424
SP 132 76 1 353
SP 134 53 2 111
EP 135 158 3 354 1
NP 135 182 1 300
EP 135 227 3 62 4
EP 135 247 5 306 1
NP 136 87 2 56
SP 136 132 4 480
SP 137 184 7 498
NP 140 133 5 72
SP 141 3 2 113
EP 141 256 4 408 5
NP 142 257 6 189
EP 143 290 4 115 1
NP 144 200 3 252
SP 148 202 7 135
SP 150 218 1 283
NP 160 120 6 101
NP 163 23 2 288
SP 163 78 3 135
NP 167 112 3 175
SP 167 177 2 367
EP 168 32 1 302 4
EP 168 238 3 68 2
EP 169 217 1 78 5
EP 170 31 5 154 5
EP 172 134 1 59 2
EP 173 241 7 500 1
SP 174 150 5 128
NP 175 191 5 497
EP 180 136 4 53 2
EP 183 196 2 468 4
SP 184 147 2 219
EP 187 102 6 488 3
EP 190 49 3 98 1
EP 192 212 3 290 2
SP 197 121 6 471
EP 198 266 7 472 2
SP 200 40 7 311
EP 202 216 5 423 4
NP 203 101 4 156
NP 204 54 2 260
SP 206 43 4 236
SP 207 42 7 488
SP 210 239 6 208
SP 212 259 3 357
SP 215 155 1 436
NP 216 204 1 113
SP 217 44 2 184
EP 217 96 5 158 1
EP 217 137 5 278 5
EP 219 91 2 389 3
NP 220 189 1 236
NP 221 45 7 241
SP 222 105 2 183
EP 222 114 4 119 3
NP 222 273 4 237
SP 222 291 2 331
EP 223 151 7 394 1
NP 223 236 1 403
SP 223 262 5 228
NP 228 97 3 153
NP 228 144 6 402
EP 229 127 1 84 3
EP 234 30 5 349 1
SP 238 118 6 110
SP 238 185 2 430
EP 239 110 6 499 3
SP 240 58 7 221
NP 241 2 7 292
EP 242 287 7 168 3
NP 245 267 3 493
EP 246 297 6 107 1
NP 247 74 5 189
SP 254 135 5 234
NP 256 296 5 307
SP 257 27 3 467
EP 257 268 4 212 5
NP 258 117 7 53
SP 258 255 4 184
SP 258 295 6 189
SP 260 250 2 500
NP 260 283 6 80
EP 262 18 2 188 4
NP 262 149 4 99
SP 262 272 2 54
SP 263 93 3 398
NP 263 111 5 184
NP 274 20 1 208
SP 275 4 3 305
SP 275 90 3 264
SP 276 222 4 250
NP 278 98 4 137
EP 280 67 1 187 1
NP 280 186 1 289
NP 283 8 3 456
SP 286 56 3 177
EP 289 15 7 300 5
SP 290 279 7 99
EP 291 60 2 347 1
NP 296 75 4 309
EP 298 70 5 236 3
SP 298 95 1 190
SP 298 298 7 188
NP 302 65 2 346
EP 303 176 7 340 1
EP 304 148 3 486 1
NP 305 24 2 154
EP 306 100 1 499 4
SP 308 16 3 170
EP 309 163 7 212 5
NP 310 17 5 381
SP 310 246 5 315
SP 311 89 4 74
NP 312 50 6 213
SP 315 141 2 266
NP 318 281 3 140
NP 319 34 3 369
NP 320 179 4 88
NP 320 261 6 221
EP 322 64 1 102 2
NP 323 245 1 146
SP 323 289 3 260
NP 324 145 1 60
EP 325 57 4 53 2
NP 325 61 2 330
SP 330 215 7 299
EP 332 169 6 59 4
NP 334 181 3 307
EP 334 213 6 277 1
SP 336 88 2 269
NP 336 183 5 447
SP 343 292 2 395
SP 345 7 4 391
EP 346 299 5 364 4
EP 348 271 5 348 4
EP 350 115 3 151 3
NP 350 194 2 341
EP 352 104 6 103 1
NP 358 51 7 450
SP 360 277 5 150
NP 361 248 6 450
NP 362 41 4 326
NP 363 229 1 385
EP 365 73 5 162 4
SP 365 243 5 366
SP 366 106 7 419
SP 369 86 4 123
SP 370 81 4 134
EP 375 48 3 120 5
NP 375 99 1 196
NP 377 220 3 173
SP 381 72 4 348
SP 381 199 4 137
EP 382 138 1 306 1
NP 382 228 3 205
EP 385 84 6 375 2
EP 387 46 1 71 5
EP 388 207 3 460 5
SP 391 269 1 69
EP 392 66 5 450 5
NP 394 125 7 351
NP 395 77 2 241
NP 396 282 2 243
EP 398 203 7 178 1
EP 400 5 3 141 4
EP 400 171 5 270 2
NP 400 219 6 125
SP 404 172 3 378
NP 405 165 7 457
SP 406 80 4 439
NP 406 85 1 213
SP 407 9 4 434
NP 407 35 7 387
NP 409 52 1 489
EP 411 166 5 454 1
EP 412 264 4 280 5
SP 413 1 6 73
NP 413 25 6 54
NP 413 205 3 360
SP 418 131 5 394
EP 421 260 7 443 5
SP 422 240 5 327
SP 424 36 7 51
NP 428 6 3 359
NP 431 170 4 491
SP 432 71 1 116
EP 432 244 6 200 1
NP 433 175 4 488
NP 438 153 1 382
NP 440 62 2 195
SP 441 37 7 377
NP 441 160 1 322
SP 442 230 3 331
SP 443 140 7 484
SP 444 26 4 183
NP 446 208 2 157
SP 446 251 5 440
NP 446 294 5 349
NP 452 210 4 94
EP 453 293 4 453 4
EP 455 55 5 496 4
NP 458 224 6 437
NP 460 124 4 206
SP 465 270 5 217
EP 466 192 7 282 2
NP 466 288 3 453
SP 468 116 4 250
SP 472 198 6 119
SP 472 233 5 112
NP 475 83 6 102
EP 475 195 2 205 3
NP 476 122 1 296
EP 477 21 3 192 1
EP 479 22 1 248 4
EP 479 164 6 455 3
SP 480 258 7 233
EP 483 180 4 315 2
NP 486 14 3 199
EP 486 19 4 312 1
NP 486 33 5 420
EP 486 157 7 92 1
NP 487 47 4 410
NP 491 13 6 225
SP 491 237 6 444
EP 492 79 5 65 2
EP 492 221 5 348 1
EP 494 211 1 52 3
NP 497 146 7 455
EP 497 197 5 319 2
SP 498 242 2 95
EP 499 68 5 345 2
EP 500 82 7 226 1

70
314 116
7 206
451 249
176 125
42 136
71 89
373 53
295 19
43 48
401 69
384 57
142 22
413 257
252 78
283 177
345 36
487 275
152 34
292 33
143 67
142 177
175 41
244 275
461 14
135 175
112 16
13 137
39 200
263 117
162 13
343 296
357 225
214 94
55 6
97 206
150 87
497 69
132 139
217 238
83 121
389 131
390 294
109 173
346 38
166 244
122 163
240 151
2 231
386 293
207 59
493 1
417 96
232 71
81 47
457 141
232 43
250 27
6 200
37 115
455 127
269 141
153 121
369 116
465 97
427 290
277 286
136 199
31 59
470 105
411 178
