10
110 75

0 449 329 433 336 274 131 486 114 65
90 0 342 229 435 132 141 109 479 106
134 445 0 299 430 233 113 101 313 166
420 199 404 0 217 166 473 195 387 65
164 199 382 88 0 370 175 153 281 220
203 454 217 390 341 0 204 359 484 50
380 162 472 335 318 90 0 65 86 477
473 354 307 449 342 418 188 0 95 198
250 358 442 434 152 306 206 216 0 277
60 161 286 122 500 158 308 445 403 0

15 15
11 7
10 6
5 12
12 7
6 12
13 13
14 13
6 9
9 15

1000
NP 1 1 6 95 
SP 2 2 7 437 
SP 4 3 10 98 
NP 6 4 6 292 
EP 7 5 5 391 5
EP 9 6 5 443 3
EP 9 7 1 362 1
EP 10 8 1 244 4
SP 12 9 9 389 
EP 13 10 5 477 5
EP 13 11 9 207 5
EP 13 12 8 62 5
NP 14 13 1 381 
EP 15 14 3 112 5
EP 15 15 5 267 5
NP 16 16 9 262 
NP 17 17 3 305 
SP 19 18 8 221 
EP 21 19 4 390 4
EP 23 20 6 389 5
EP 23 21 5 337 3
SP 25 22 7 329 
NP 27 23 6 224 
SP 27 24 8 68 
NP 28 25 9 341 
EP 29 26 1 362 3
EP 29 27 3 286 4
EP 31 28 6 304 1
SP 33 29 2 419 
SP 35 30 5 249 
EP 36 31 5 346 4
SP 37 32 5 145 
EP 37 33 4 228 2
SP 37 34 4 237 
NP 38 35 10 323 
NP 39 36 10 89 
SP 40 37 7 378 
EP 41 38 10 286 2
SP 43 39 1 449 
SP 43 40 7 93 
SP 43 41 9 410 
SP 44 42 8 222 
EP 46 43 8 392 2
SP 46 44 7 476 
SP 46 45 1 238 
NP 47 46 2 52 
NP 47 47 3 453 
EP 49 48 2 470 3
SP 50 49 5 258 
EP 50 50 4 359 3
EP 50 51 5 436 1
NP 50 52 6 495 
SP 51 53 1 151 
SP 53 54 9 323 
EP 53 55 3 382 3
NP 55 56 4 477 
EP 57 57 6 238 5
NP 58 58 4 449 
EP 58 59 7 345 5
SP 59 60 1 426 
EP 59 61 1 466 4
NP 61 62 6 133 
NP 63 63 2 214 
EP 64 64 3 207 3
NP 66 65 7 418 
NP 67 66 5 295 
EP 69 67 5 146 4
NP 71 68 4 285 
NP 73 69 8 477 
EP 74 70 2 471 3
NP 74 71 4 341 
EP 74 72 3 476 4
EP 74 73 2 114 4
SP 76 74 4 318 
NP 78 75 4 392 
SP 79 76 10 170 
SP 79 77 5 75 
NP 80 78 2 137 
NP 81 79 3 218 
SP 83 80 7 58 
SP 85 81 10 258 
EP 86 82 4 399 3
EP 87 83 9 252 5
EP 88 84 4 441 4
EP 90 85 5 277 2
NP 92 86 4 391 
SP 93 87 1 195 
NP 94 88 10 475 
NP 94 89 7 466 
EP 96 90 10 154 5
EP 97 91 6 266 4
EP 99 92 6 362 3
SP 101 93 6 303 
SP 102 94 3 388 
NP 103 95 6 69 
SP 103 96 8 427 
NP 105 97 2 211 
NP 107 98 3 75 
NP 109 99 4 279 
SP 109 100 1 57 
EP 110 101 6 78 3
SP 111 102 8 156 
EP 113 103 9 417 4
NP 115 104 9 495 
NP 115 105 4 491 
EP 117 106 8 62 2
EP 118 107 4 231 1
SP 119 108 9 274 
EP 121 109 6 97 1
NP 122 110 3 203 
NP 122 111 2 245 
NP 123 112 3 250 
SP 123 113 5 197 
NP 124 114 10 413 
SP 125 115 8 457 
SP 126 116 6 483 
SP 126 117 3 174 
SP 126 118 8 412 
NP 126 119 1 245 
EP 128 120 10 347 2
SP 129 121 6 288 
NP 131 122 5 416 
EP 131 123 8 427 3
NP 132 124 7 302 
EP 132 125 3 112 1
SP 133 126 9 190 
EP 134 127 4 296 1
NP 134 128 7 396 
NP 136 129 10 461 
NP 138 130 3 294 
NP 140 131 2 236 
NP 140 132 5 448 
NP 142 133 6 162 
NP 144 134 4 344 
NP 146 135 1 287 
EP 147 136 2 222 2
NP 149 137 5 353 
SP 150 138 5 157 
EP 150 139 7 362 2
SP 151 140 4 493 
NP 153 141 4 263 
NP 155 142 6 240 
NP 157 143 6 169 
EP 159 144 6 490 1
NP 161 145 2 333 
NP 163 146 5 216 
NP 164 147 5 345 
SP 166 148 8 93 
SP 167 149 3 82 
EP 168 150 2 375 2
SP 170 151 1 85 
NP 170 152 4 339 
EP 170 153 7 228 1
NP 172 154 5 312 
EP 174 155 5 375 4
NP 174 156 5 193 
SP 174 157 6 102 
NP 175 158 7 438 
SP 177 159 3 78 
NP 179 160 7 221 
NP 180 161 10 206 
SP 180 162 1 362 
SP 181 163 6 202 
SP 183 164 3 451 
SP 184 165 2 155 
NP 185 166 4 176 
EP 187 167 6 402 3
SP 188 168 8 67 
NP 189 169 3 481 
SP 189 170 6 465 
SP 190 171 7 442 
NP 192 172 7 304 
NP 192 173 4 489 
SP 192 174 6 82 
EP 192 175 5 365 4
SP 193 176 8 253 
EP 193 177 7 391 3
EP 193 178 7 103 5
SP 195 179 1 192 
NP 196 180 9 385 
EP 198 181 4 140 5
SP 200 182 4 382 
NP 200 183 6 213 
SP 200 184 5 347 
EP 200 185 7 358 3
SP 200 186 9 460 
NP 201 187 7 419 
EP 201 188 4 81 4
EP 202 189 4 52 4
NP 204 190 2 435 
EP 206 191 8 426 4
NP 206 192 7 457 
EP 207 193 7 383 1
SP 207 194 6 185 
EP 208 195 1 300 2
NP 208 196 1 309 
NP 210 197 10 210 
EP 211 198 7 150 4
EP 212 199 3 94 3
EP 212 200 2 231 1
NP 213 201 10 177 
SP 215 202 10 480 
SP 216 203 7 117 
SP 216 204 9 414 
NP 217 205 5 490 
NP 217 206 8 233 
SP 218 207 1 350 
EP 219 208 4 143 5
SP 221 209 4 323 
EP 221 210 2 79 1
EP 221 211 4 131 1
SP 221 212 4 295 
SP 222 213 4 256 
NP 224 214 1 109 
SP 226 215 6 236 
SP 226 216 5 79 
NP 228 217 7 348 
EP 228 218 1 292 2
EP 229 219 9 130 2
EP 230 220 6 144 4
NP 230 221 2 50 
SP 230 222 4 187 
NP 231 223 9 494 
NP 233 224 7 285 
EP 235 225 9 219 4
EP 235 226 1 313 4
EP 236 227 3 299 4
EP 236 228 2 229 5
NP 237 229 3 242 
EP 238 230 7 336 5
NP 238 231 8 107 
NP 238 232 8 84 
NP 239 233 1 116 
SP 240 234 6 268 
SP 242 235 7 295 
SP 243 236 1 86 
EP 245 237 2 464 2
SP 246 238 9 386 
NP 248 239 7 280 
SP 250 240 9 192 
SP 252 241 10 472 
NP 253 242 5 279 
SP 255 243 5 237 
EP 256 244 3 462 2
NP 257 245 7 296 
NP 257 246 8 374 
EP 259 247 3 443 5
SP 260 248 6 352 
SP 262 249 4 176 
NP 264 250 6 404 
NP 266 251 9 254 
SP 268 252 10 421 
NP 270 253 1 244 
NP 271 254 3 80 
SP 271 255 5 239 
SP 273 256 7 458 
SP 275 257 1 151 
NP 277 258 7 242 
NP 278 259 3 497 
SP 278 260 10 119 
EP 278 261 5 491 5
SP 278 262 2 411 
SP 280 263 2 192 
NP 282 264 4 368 
SP 282 265 8 148 
EP 282 266 2 301 2
EP 282 267 5 158 4
SP 284 268 6 406 
EP 285 269 8 63 1
SP 286 270 10 257 
NP 287 271 2 284 
SP 288 272 9 330 
SP 288 273 5 181 
SP 288 274 3 188 
SP 289 275 8 78 
EP 289 276 2 446 3
NP 290 277 9 67 
SP 291 278 6 409 
SP 291 279 5 89 
NP 292 280 6 139 
SP 294 281 9 151 
SP 296 282 9 133 
NP 297 283 4 476 
NP 299 284 1 173 
NP 300 285 3 235 
EP 302 286 2 76 3
NP 303 287 8 269 
SP 305 288 8 302 
SP 307 289 7 495 
EP 307 290 8 342 5
SP 307 291 10 132 
SP 308 292 1 135 
NP 308 293 10 116 
EP 309 294 4 422 2
NP 310 295 7 183 
SP 311 296 8 184 
NP 312 297 4 391 
EP 312 298 2 393 2
EP 313 299 3 133 3
EP 314 300 10 114 2
EP 315 301 5 469 4
NP 315 302 8 267 
SP 315 303 6 115 
SP 316 304 1 133 
NP 318 305 7 184 
SP 318 306 8 374 
NP 320 307 5 134 
NP 320 308 7 179 
EP 320 309 7 329 2
SP 322 310 8 89 
NP 323 311 7 380 
SP 325 312 7 123 
EP 327 313 3 240 1
SP 328 314 4 50 
EP 329 315 6 496 5
EP 331 316 1 359 3
NP 331 317 5 90 
NP 333 318 6 114 
EP 334 319 8 340 5
SP 336 320 5 420 
EP 336 321 9 495 3
SP 337 322 4 272 
SP 337 323 7 162 
NP 338 324 1 282 
SP 339 325 10 53 
NP 340 326 1 478 
EP 341 327 10 459 1
SP 341 328 4 377 
EP 343 329 8 187 2
NP 344 330 9 212 
NP 346 331 8 190 
SP 347 332 6 185 
NP 347 333 1 429 
NP 348 334 4 56 
NP 350 335 10 174 
SP 352 336 5 303 
EP 353 337 5 94 2
NP 355 338 9 402 
EP 357 339 5 305 1
SP 359 340 4 276 
EP 361 341 6 206 1
NP 361 342 10 425 
EP 361 343 8 236 1
NP 361 344 6 266 
EP 363 345 10 157 3
EP 364 346 5 184 1
SP 365 347 3 313 
SP 367 348 10 261 
NP 368 349 2 228 
NP 368 350 2 499 
NP 370 351 8 312 
SP 371 352 3 487 
SP 371 353 10 411 
SP 372 354 4 462 
SP 374 355 9 347 
EP 374 356 6 144 4
NP 376 357 3 106 
SP 378 358 6 135 
NP 378 359 9 190 
SP 378 360 9 424 
EP 379 361 9 148 2
SP 381 362 2 117 
SP 382 363 6 145 
NP 382 364 3 405 
SP 383 365 4 162 
EP 384 366 9 383 4
NP 386 367 3 461 
NP 387 368 3 51 
EP 388 369 2 100 4
EP 389 370 6 406 1
SP 390 371 6 121 
EP 391 372 3 313 4
SP 391 373 5 52 
SP 393 374 1 162 
NP 395 375 1 239 
NP 396 376 2 138 
SP 397 377 8 312 
EP 398 378 9 406 3
NP 398 379 1 204 
SP 400 380 8 204 
EP 400 381 8 65 4
NP 402 382 3 244 
NP 402 383 5 237 
NP 402 384 2 323 
EP 403 385 1 491 1
NP 404 386 1 92 
SP 404 387 6 331 
EP 405 388 10 336 2
EP 405 389 7 293 5
SP 406 390 8 238 
SP 406 391 4 220 
NP 407 392 1 490 
EP 408 393 2 234 2
EP 408 394 10 249 3
SP 408 395 5 121 
NP 408 396 7 310 
EP 409 397 10 475 3
NP 411 398 6 452 
NP 412 399 9 438 
EP 412 400 2 68 4
SP 412 401 4 204 
EP 412 402 5 313 5
SP 412 403 6 407 
NP 413 404 1 219 
NP 413 405 10 345 
NP 415 406 10 411 
NP 417 407 5 474 
NP 419 408 3 199 
EP 419 409 3 451 4
SP 419 410 6 226 
EP 420 411 7 72 5
SP 421 412 2 147 
EP 421 413 3 55 4
SP 423 414 5 202 
SP 424 415 10 252 
SP 426 416 4 202 
NP 426 417 7 498 
SP 428 418 9 222 
SP 429 419 8 55 
SP 430 420 5 322 
NP 431 421 2 83 
SP 433 422 5 151 
EP 433 423 8 232 5
NP 433 424 8 230 
EP 435 425 10 477 1
SP 435 426 6 398 
NP 436 427 8 92 
NP 438 428 8 69 
EP 439 429 9 262 3
EP 441 430 1 94 2
SP 442 431 7 448 
NP 444 432 10 388 
EP 445 433 7 121 1
EP 446 434 7 70 4
NP 448 435 9 64 
EP 450 436 3 456 5
EP 450 437 7 136 3
SP 450 438 8 473 
SP 451 439 4 438 
NP 452 440 2 144 
NP 453 441 1 314 
EP 455 442 6 362 3
NP 455 443 5 422 
NP 457 444 4 359 
NP 457 445 6 457 
NP 457 446 4 329 
SP 457 447 6 213 
EP 459 448 4 336 3
EP 461 449 10 407 2
EP 461 450 10 169 1
NP 463 451 8 155 
EP 465 452 2 198 1
EP 467 453 7 313 3
SP 469 454 4 361 
SP 471 455 7 271 
EP 471 456 5 254 1
NP 472 457 7 78 
EP 473 458 5 349 3
SP 475 459 5 140 
EP 475 460 3 184 3
EP 477 461 2 90 2
EP 478 462 9 225 4
NP 480 463 1 497 
NP 480 464 5 364 
NP 482 465 7 181 
EP 482 466 6 184 3
SP 482 467 4 376 
EP 484 468 5 483 1
EP 486 469 8 133 1
NP 487 470 10 220 
EP 488 471 3 143 4
SP 488 472 3 139 
NP 489 473 5 487 
EP 490 474 9 198 1
NP 492 475 2 90 
EP 494 476 10 299 3
SP 496 477 4 90 
NP 497 478 10 109 
NP 497 479 3 471 
NP 499 480 6 62 
NP 499 481 8 188 
NP 500 482 7 386 
SP 501 483 7 483 
NP 501 484 4 220 
EP 501 485 6 405 1
SP 502 486 9 248 
NP 502 487 9 261 
SP 502 488 2 435 
SP 502 489 2 494 
NP 502 490 5 150 
EP 502 491 9 359 2
SP 503 492 5 261 
NP 505 493 5 79 
EP 506 494 5 334 2
SP 507 495 9 213 
NP 509 496 10 148 
NP 509 497 8 219 
SP 510 498 2 334 
NP 512 499 7 308 
SP 512 500 9 409 
SP 514 501 1 225 
EP 515 502 2 372 1
EP 516 503 3 474 5
SP 518 504 3 295 
SP 518 505 10 420 
SP 520 506 6 472 
SP 520 507 1 213 
EP 522 508 7 461 4
SP 523 509 1 450 
EP 524 510 4 334 4
NP 524 511 6 471 
NP 525 512 2 328 
NP 527 513 10 182 
EP 528 514 10 357 2
NP 530 515 5 402 
SP 532 516 7 387 
SP 532 517 1 240 
NP 534 518 2 335 
EP 535 519 8 195 4
SP 537 520 4 295 
NP 538 521 6 324 
SP 539 522 1 411 
NP 539 523 6 72 
NP 541 524 9 201 
SP 542 525 9 214 
EP 542 526 5 193 3
NP 544 527 3 462 
EP 545 528 5 124 5
SP 545 529 1 60 
SP 546 530 2 463 
SP 547 531 9 189 
NP 549 532 6 445 
SP 550 533 2 262 
NP 552 534 7 263 
NP 553 535 5 198 
SP 554 536 3 139 
EP 555 537 4 70 5
EP 556 538 1 189 2
SP 557 539 2 467 
EP 559 540 2 264 5
NP 561 541 9 234 
SP 561 542 7 197 
NP 561 543 4 92 
EP 561 544 4 171 1
EP 561 545 4 93 1
EP 563 546 4 425 3
SP 564 547 1 327 
SP 565 548 10 347 
SP 566 549 1 461 
EP 567 550 1 343 3
EP 568 551 6 89 3
SP 569 552 4 118 
EP 569 553 3 312 5
NP 571 554 1 289 
NP 571 555 5 225 
EP 573 556 4 423 5
EP 573 557 7 101 4
EP 573 558 1 493 1
EP 573 559 3 486 3
SP 573 560 7 374 
NP 573 561 3 362 
NP 575 562 5 126 
NP 575 563 8 446 
NP 577 564 6 247 
NP 578 565 1 466 
SP 578 566 9 55 
EP 580 567 9 462 3
EP 582 568 3 327 1
SP 584 569 6 74 
SP 584 570 6 437 
SP 585 571 5 487 
EP 586 572 10 267 3
EP 586 573 6 230 5
NP 586 574 3 374 
EP 586 575 10 70 4
NP 587 576 3 312 
EP 588 577 7 174 2
EP 588 578 1 219 1
NP 590 579 4 431 
NP 590 580 1 166 
NP 591 581 1 252 
SP 593 582 3 186 
NP 594 583 7 95 
NP 595 584 3 185 
EP 597 585 6 271 2
NP 597 586 4 97 
NP 597 587 6 292 
NP 597 588 9 217 
SP 598 589 2 387 
NP 600 590 2 491 
NP 600 591 4 290 
SP 600 592 6 297 
EP 602 593 2 214 1
EP 603 594 2 355 3
NP 604 595 9 184 
EP 605 596 1 85 4
EP 606 597 6 428 3
EP 607 598 6 81 1
SP 609 599 8 66 
SP 609 600 3 417 
EP 611 601 10 214 4
NP 611 602 5 124 
EP 612 603 1 201 3
SP 612 604 1 185 
EP 614 605 5 175 2
SP 614 606 4 63 
SP 616 607 4 419 
EP 616 608 7 420 2
SP 617 609 6 500 
NP 618 610 1 180 
EP 618 611 5 196 4
EP 620 612 2 387 5
SP 620 613 7 151 
EP 622 614 5 149 5
SP 623 615 1 251 
SP 625 616 9 456 
SP 626 617 1 193 
SP 626 618 5 56 
NP 627 619 1 128 
SP 627 620 3 335 
EP 627 621 9 115 1
EP 629 622 1 294 2
SP 629 623 3 414 
EP 629 624 1 460 5
SP 630 625 9 211 
SP 632 626 7 475 
EP 632 627 10 386 2
NP 634 628 6 258 
EP 634 629 7 94 1
SP 634 630 9 405 
EP 636 631 8 68 4
NP 638 632 5 429 
SP 639 633 5 189 
SP 641 634 5 492 
NP 642 635 9 253 
EP 644 636 7 220 4
EP 645 637 1 207 1
NP 646 638 1 430 
SP 647 639 5 242 
SP 649 640 5 145 
NP 649 641 8 188 
NP 650 642 5 399 
SP 651 643 7 251 
SP 652 644 5 368 
NP 652 645 4 433 
SP 654 646 3 115 
SP 654 647 1 66 
NP 656 648 2 182 
EP 657 649 5 322 4
NP 658 650 8 458 
NP 658 651 10 290 
EP 658 652 3 466 3
NP 660 653 10 338 
SP 662 654 6 198 
SP 662 655 4 432 
EP 662 656 6 65 4
EP 664 657 8 124 5
EP 665 658 9 467 1
EP 666 659 10 431 4
SP 668 660 1 386 
EP 669 661 6 111 5
EP 669 662 10 63 4
NP 669 663 8 306 
SP 669 664 9 100 
EP 671 665 8 389 1
EP 672 666 1 130 3
EP 674 667 9 269 3
SP 676 668 5 250 
SP 678 669 1 75 
SP 680 670 4 253 
SP 682 671 8 459 
NP 683 672 9 253 
NP 685 673 5 238 
NP 687 674 5 281 
EP 688 675 9 234 1
SP 688 676 10 331 
EP 690 677 7 270 2
NP 691 678 5 480 
EP 693 679 7 373 5
SP 694 680 6 361 
NP 695 681 8 72 
SP 697 682 4 252 
NP 699 683 8 387 
SP 700 684 6 252 
SP 701 685 3 116 
EP 702 686 4 269 2
EP 704 687 2 229 5
SP 704 688 2 124 
NP 706 689 1 135 
NP 706 690 4 406 
EP 707 691 9 369 1
EP 708 692 3 216 2
EP 708 693 5 140 1
SP 708 694 7 55 
NP 710 695 4 228 
EP 710 696 8 381 4
NP 711 697 2 397 
SP 713 698 3 276 
SP 713 699 10 224 
EP 714 700 2 260 4
EP 715 701 7 144 5
NP 716 702 6 193 
NP 717 703 10 90 
NP 719 704 7 104 
SP 721 705 8 312 
EP 721 706 10 203 1
EP 722 707 4 373 4
NP 723 708 10 143 
SP 724 709 8 448 
EP 726 710 9 415 5
NP 726 711 9 412 
EP 726 712 1 363 5
SP 727 713 2 212 
SP 729 714 2 208 
EP 731 715 3 102 2
EP 731 716 4 326 1
SP 731 717 3 340 
SP 732 718 10 298 
EP 732 719 10 51 3
SP 733 720 9 189 
EP 734 721 2 80 4
NP 734 722 1 260 
EP 734 723 7 440 1
EP 735 724 4 449 5
SP 736 725 7 436 
NP 736 726 7 213 
NP 737 727 9 493 
SP 739 728 5 307 
SP 741 729 4 221 
EP 742 730 7 401 2
SP 743 731 1 317 
SP 745 732 10 495 
EP 745 733 2 247 3
NP 745 734 7 349 
NP 747 735 4 101 
EP 747 736 8 93 5
SP 749 737 7 425 
EP 750 738 5 170 2
NP 750 739 10 115 
NP 751 740 8 188 
EP 751 741 9 500 3
EP 752 742 1 461 4
SP 752 743 2 266 
NP 753 744 2 356 
EP 755 745 5 75 1
NP 757 746 5 177 
SP 758 747 4 157 
SP 760 748 5 239 
NP 761 749 9 276 
SP 763 750 8 223 
NP 763 751 2 200 
EP 764 752 7 177 3
EP 764 753 8 327 1
SP 764 754 3 292 
SP 764 755 1 265 
NP 765 756 9 131 
SP 767 757 2 151 
NP 769 758 8 108 
NP 770 759 6 242 
EP 772 760 8 404 4
EP 773 761 2 315 4
EP 775 762 10 95 2
EP 775 763 1 239 2
NP 776 764 6 461 
EP 776 765 5 156 1
SP 778 766 2 175 
EP 779 767 3 446 4
SP 780 768 7 305 
EP 780 769 4 54 4
EP 782 770 8 82 1
NP 782 771 10 213 
EP 784 772 8 491 4
SP 785 773 6 224 
EP 785 774 5 385 2
NP 785 775 7 180 
EP 787 776 10 332 2
EP 789 777 1 196 5
EP 791 778 4 309 1
EP 793 779 9 89 1
EP 794 780 4 95 1
NP 794 781 4 476 
SP 796 782 4 352 
SP 798 783 9 451 
NP 799 784 4 60 
SP 801 785 7 449 
SP 802 786 5 316 
EP 804 787 4 237 4
EP 804 788 8 355 5
NP 804 789 1 461 
EP 806 790 1 99 4
EP 807 791 1 180 3
NP 807 792 4 317 
EP 809 793 9 476 2
SP 811 794 9 438 
SP 813 795 7 380 
EP 815 796 2 50 2
NP 816 797 3 293 
SP 817 798 2 166 
NP 818 799 6 492 
EP 818 800 2 472 4
SP 818 801 1 219 
EP 818 802 2 156 4
NP 818 803 5 160 
NP 820 804 2 322 
NP 822 805 5 247 
EP 823 806 10 51 5
NP 824 807 7 433 
EP 825 808 9 498 3
NP 825 809 3 484 
SP 825 810 4 290 
NP 827 811 10 95 
NP 829 812 9 265 
NP 830 813 3 442 
SP 830 814 10 320 
EP 830 815 3 126 2
NP 832 816 2 134 
SP 833 817 3 339 
EP 835 818 6 207 5
EP 837 819 6 256 5
EP 838 820 6 280 2
SP 838 821 7 496 
NP 840 822 1 336 
EP 840 823 1 497 2
EP 840 824 4 405 5
NP 841 825 4 421 
NP 841 826 5 222 
SP 841 827 2 375 
EP 841 828 6 399 3
SP 843 829 7 372 
NP 843 830 6 409 
SP 844 831 10 215 
EP 844 832 1 394 2
SP 844 833 9 375 
EP 844 834 2 308 1
NP 844 835 8 370 
NP 844 836 9 426 
EP 844 837 8 465 3
SP 845 838 5 324 
NP 847 839 10 500 
EP 847 840 4 188 1
NP 847 841 4 82 
EP 848 842 8 378 2
EP 849 843 2 296 5
NP 849 844 6 126 
EP 850 845 4 227 3
EP 852 846 10 457 3
EP 854 847 1 50 5
EP 855 848 10 134 2
EP 856 849 10 342 4
SP 858 850 2 493 
NP 860 851 1 383 
EP 861 852 1 348 1
EP 862 853 5 369 5
SP 864 854 1 357 
NP 864 855 6 492 
NP 865 856 3 148 
SP 866 857 3 369 
EP 868 858 8 412 3
NP 868 859 2 380 
EP 870 860 7 383 2
NP 870 861 7 263 
SP 870 862 8 170 
SP 871 863 1 461 
NP 871 864 10 364 
EP 872 865 8 192 2
EP 872 866 8 333 1
SP 872 867 6 163 
NP 874 868 5 62 
EP 876 869 10 332 2
SP 878 870 7 230 
EP 878 871 9 50 2
EP 879 872 7 215 5
NP 880 873 9 300 
SP 882 874 8 137 
NP 883 875 10 219 
NP 884 876 8 60 
SP 886 877 1 379 
NP 887 878 9 256 
NP 888 879 8 170 
SP 888 880 4 425 
SP 888 881 5 300 
NP 889 882 9 483 
SP 889 883 1 323 
EP 891 884 2 439 4
EP 892 885 2 114 5
SP 894 886 1 170 
NP 896 887 1 75 
EP 898 888 1 312 3
SP 899 889 3 156 
EP 899 890 9 130 1
EP 899 891 10 183 3
SP 901 892 5 416 
NP 903 893 4 276 
NP 904 894 1 177 
NP 906 895 2 165 
NP 907 896 3 210 
SP 909 897 10 281 
EP 909 898 5 488 4
NP 910 899 4 417 
SP 911 900 8 416 
NP 913 901 4 447 
EP 915 902 6 190 2
EP 915 903 5 83 1
EP 917 904 1 72 2
EP 917 905 10 164 3
EP 919 906 4 158 4
NP 921 907 1 269 
SP 922 908 4 467 
EP 923 909 6 54 2
EP 924 910 7 225 3
EP 925 911 7 259 1
SP 926 912 4 122 
NP 926 913 2 319 
SP 928 914 1 61 
NP 930 915 6 194 
SP 932 916 1 57 
SP 933 917 10 361 
NP 934 918 6 60 
SP 934 919 9 442 
NP 935 920 2 128 
SP 936 921 8 372 
NP 938 922 6 469 
NP 939 923 9 182 
SP 940 924 3 345 
NP 941 925 8 235 
SP 941 926 8 306 
EP 942 927 3 221 5
NP 943 928 5 310 
SP 944 929 8 379 
SP 946 930 3 309 
NP 948 931 5 174 
EP 950 932 4 156 4
NP 952 933 5 352 
EP 954 934 2 355 2
SP 954 935 6 175 
SP 954 936 6 236 
SP 954 937 9 460 
SP 954 938 8 52 
EP 956 939 4 494 3
NP 957 940 2 74 
EP 958 941 2 481 5
SP 958 942 2 345 
EP 960 943 10 391 3
SP 961 944 3 333 
NP 962 945 6 425 
SP 964 946 6 485 
EP 965 947 7 324 5
NP 966 948 3 340 
EP 966 949 10 156 3
EP 966 950 10 111 4
EP 967 951 6 412 4
SP 967 952 8 190 
NP 969 953 1 451 
EP 970 954 9 282 4
EP 970 955 4 279 3
NP 970 956 9 494 
SP 972 957 1 412 
EP 973 958 4 267 4
NP 975 959 4 223 
NP 975 960 6 136 
SP 976 961 5 436 
EP 977 962 2 424 1
NP 979 963 4 154 
SP 981 964 8 490 
NP 981 965 10 217 
NP 983 966 6 287 
SP 984 967 2 454 
NP 984 968 8 431 
SP 985 969 5 437 
EP 987 970 10 120 4
EP 988 971 10 299 4
NP 989 972 8 191 
NP 991 973 8 451 
NP 993 974 2 328 
EP 995 975 7 439 5
NP 996 976 4 172 
NP 996 977 8 295 
EP 997 978 2 303 3
NP 999 979 4 143 
NP 999 980 4 340 
SP 1001 981 8 255 
NP 1003 982 3 301 
NP 1003 983 7 353 
SP 1004 984 9 390 
EP 1005 985 1 130 4
NP 1007 986 1 345 
NP 1007 987 2 327 
SP 1007 988 9 471 
SP 1009 989 4 148 
SP 1009 990 4 477 
SP 1010 991 5 133 
SP 1012 992 5 242 
EP 1014 993 3 480 1
NP 1015 994 4 313 
NP 1016 995 6 381 
NP 1017 996 2 267 
SP 1019 997 6 187 
EP 1019 998 5 198 4
NP 1020 999 7 305 
SP 1020 1000 3 169 

100
343 108
611 104
177 644
622 676
500 73
822 810
414 635
926 327
797 123
716 736
844 853
587 662
444 720
985 9
89 268
743 428
399 959
40 184
845 547
343 817
818 221
922 844
98 44
428 316
265 785
944 610
575 938
257 567
685 749
850 640
14 675
830 70
802 932
153 399
881 112
437 620
449 178
847 240
693 996
307 769
1010 97
579 734
991 538
908 414
819 328
190 663
476 115
473 314
502 790
593 688
204 336
609 287
905 722
905 403
865 805
430 839
297 996
700 994
894 293
416 549
140 47
101 16
644 801
532 919
993 270
681 846
686 731
229 192
555 72
105 8
457 866
6 163
750 545
343 5
821 513
441 859
479 124
3 810
994 322
465 766
339 826
844 161
80 557
765 398
95 414
951 516
1022 610
348 217
615 89
274 416
636 668
718 273
540 810
1015 22
544 192
431 209
736 12
446 601
746 844
33 591
