FT PatientID QT WT

5 1 1 1
5 1 1 1
7 2 1 2
9 6 5 1
11 4 3 3
11 3 3 4
12 7 8 1
13 5 3 4
16 8 10 2
19 10 11 3
19 9 11 4
23 11 15 3
28 12 16 6
28 14 18 5
32 13 18 6
36 15 20 8
36 17 22 6
41 16 21 9
42 20 24 8
45 18 23 10
47 23 27 9
48 19 24 11
50 21 24 12
50 26 28 10
53 22 25 13
58 24 28 14
58 29 32 12
60 25 28 15
62 32 34 13
64 27 30 16
66 35 36 15
67 28 31 17
71 30 33 18
73 31 33 19
77 33 35 20
79 34 35 21

Patients: 35 [EP: 11, SP: 12, NP: 12]
Hospitals: 5
Cars: 62 [Scars: 20, Ncars: 42]
Average Waiting Time: 9.17143
Average Cars Busyness Time: 10.3548
Average Utilization: 13.1074%
