10
110 70

0 98 207 282 362 108 91 182 138 102
489 0 253 415 390 107 443 191 426 379
66 330 0 440 143 398 127 234 51 455
119 147 345 0 429 401 284 95 120 308
353 125 449 149 0 339 391 359 359 153
466 155 422 253 280 0 255 395 180 293
375 274 454 118 169 347 0 123 481 357
214 380 82 250 142 232 474 0 323 104
184 466 370 408 239 368 376 263 0 328
450 369 476 430 407 363 261 433 261 0

9 5
10 3
6 7
8 6
7 5
5 7
7 6
5 3
6 3
9 4

2000
SP 1 1 2 362 
NP 2 2 6 326 
NP 2 3 8 437 
NP 3 4 5 291 
EP 4 5 10 125 3
NP 4 6 8 143 
NP 6 7 2 296 
SP 6 8 1 59 
NP 8 9 9 189 
NP 8 10 7 242 
SP 9 11 4 195 
SP 9 12 3 339 
EP 10 13 4 292 1
NP 10 14 2 203 
EP 11 15 2 184 2
NP 13 16 6 118 
SP 14 17 8 418 
EP 14 18 7 177 5
EP 16 19 9 183 3
EP 17 20 9 307 1
SP 17 21 1 269 
NP 18 22 6 69 
EP 18 23 6 322 5
SP 20 24 10 474 
NP 21 25 10 85 
SP 22 26 5 230 
NP 22 27 1 173 
SP 23 28 5 122 
EP 24 29 5 429 1
EP 25 30 9 120 1
SP 27 31 5 205 
SP 28 32 4 404 
EP 29 33 5 364 3
SP 31 34 4 86 
SP 32 35 1 298 
SP 33 36 6 358 
SP 35 37 7 361 
EP 36 38 1 62 4
SP 38 39 9 411 
SP 39 40 8 261 
EP 40 41 2 403 2
EP 41 42 6 441 4
EP 43 43 5 433 1
SP 44 44 7 308 
NP 46 45 6 145 
EP 48 46 7 220 3
NP 50 47 5 220 
EP 51 48 10 482 5
NP 52 49 5 243 
SP 52 50 10 368 
EP 53 51 10 338 1
SP 54 52 5 80 
NP 56 53 2 444 
EP 58 54 2 443 4
NP 58 55 2 477 
SP 60 56 4 450 
NP 60 57 6 128 
EP 61 58 6 449 3
NP 63 59 4 149 
EP 65 60 5 461 3
SP 67 61 7 418 
NP 69 62 10 103 
NP 70 63 1 356 
EP 71 64 2 273 3
NP 72 65 2 273 
EP 72 66 10 324 1
EP 73 67 2 223 3
SP 73 68 4 393 
EP 75 69 7 289 3
SP 75 70 4 114 
NP 77 71 2 345 
EP 78 72 2 483 1
SP 80 73 9 404 
EP 82 74 9 444 2
SP 82 75 1 55 
EP 84 76 6 392 4
NP 84 77 2 87 
NP 84 78 5 257 
NP 84 79 1 240 
NP 84 80 4 371 
SP 84 81 2 198 
EP 84 82 2 156 5
EP 86 83 10 198 3
EP 86 84 1 345 4
EP 87 85 8 57 5
NP 89 86 2 211 
SP 90 87 6 414 
SP 90 88 1 295 
SP 92 89 2 408 
SP 94 90 10 109 
SP 95 91 4 194 
EP 97 92 4 410 2
SP 98 93 9 57 
EP 99 94 7 462 4
NP 100 95 8 84 
EP 100 96 2 252 2
EP 101 97 2 371 5
SP 102 98 1 477 
SP 103 99 1 181 
SP 103 100 1 424 
NP 103 101 9 300 
SP 105 102 6 384 
EP 107 103 6 189 1
EP 108 104 10 156 2
SP 109 105 4 145 
SP 110 106 8 479 
NP 112 107 2 486 
SP 112 108 10 65 
EP 112 109 1 303 1
SP 114 110 6 495 
EP 115 111 2 226 4
NP 116 112 1 469 
SP 118 113 8 302 
NP 118 114 5 107 
NP 118 115 10 335 
NP 118 116 5 61 
NP 120 117 8 364 
NP 120 118 10 493 
EP 122 119 6 490 1
SP 122 120 2 113 
SP 122 121 7 289 
NP 124 122 9 100 
NP 124 123 8 72 
SP 126 124 4 347 
EP 126 125 9 407 2
SP 128 126 1 402 
SP 129 127 1 386 
NP 131 128 2 302 
NP 133 129 10 100 
EP 135 130 3 303 1
EP 135 131 10 229 2
EP 136 132 7 459 1
NP 138 133 2 382 
NP 140 134 5 239 
EP 141 135 9 458 3
SP 141 136 4 73 
NP 141 137 4 178 
SP 141 138 4 495 
EP 143 139 5 346 4
NP 145 140 2 119 
EP 146 141 9 134 3
SP 146 142 8 86 
SP 148 143 7 361 
SP 150 144 5 146 
EP 151 145 10 105 3
NP 151 146 9 228 
SP 152 147 10 149 
NP 154 148 7 371 
EP 156 149 7 450 1
EP 156 150 2 232 4
SP 156 151 6 163 
NP 156 152 6 51 
NP 157 153 2 397 
NP 158 154 6 495 
SP 159 155 7 87 
NP 160 156 3 494 
EP 162 157 6 62 2
NP 163 158 7 248 
EP 163 159 9 214 2
SP 165 160 7 137 
EP 165 161 7 439 2
NP 166 162 1 496 
NP 166 163 2 107 
NP 168 164 8 277 
NP 169 165 9 59 
NP 169 166 2 385 
EP 169 167 3 54 3
NP 171 168 1 169 
NP 173 169 3 72 
SP 175 170 10 453 
EP 175 171 4 324 1
NP 176 172 2 319 
EP 178 173 10 73 4
SP 179 174 3 76 
EP 181 175 6 446 1
SP 183 176 9 235 
SP 183 177 3 297 
EP 183 178 2 419 4
NP 184 179 4 167 
EP 185 180 8 71 1
EP 185 181 2 374 5
SP 187 182 3 139 
SP 188 183 3 419 
SP 188 184 4 341 
EP 189 185 10 249 1
NP 190 186 4 414 
EP 191 187 8 343 1
SP 193 188 6 255 
SP 193 189 3 478 
EP 195 190 2 497 3
SP 196 191 7 77 
SP 197 192 1 373 
NP 199 193 6 426 
EP 201 194 6 124 1
NP 203 195 10 337 
NP 203 196 6 196 
SP 203 197 6 499 
EP 204 198 8 70 5
SP 205 199 3 200 
NP 206 200 2 464 
EP 208 201 9 183 1
NP 210 202 4 179 
SP 211 203 5 447 
NP 213 204 4 181 
NP 214 205 3 275 
SP 216 206 6 481 
SP 218 207 10 319 
NP 218 208 4 395 
SP 219 209 4 288 
SP 220 210 4 304 
EP 222 211 6 430 2
EP 224 212 7 331 5
NP 224 213 8 270 
SP 226 214 1 328 
NP 228 215 9 329 
SP 229 216 1 163 
EP 230 217 2 167 5
SP 231 218 5 337 
SP 233 219 10 390 
EP 235 220 5 74 2
SP 237 221 6 487 
NP 239 222 4 443 
EP 239 223 8 495 5
NP 239 224 7 379 
NP 241 225 8 316 
SP 241 226 8 199 
NP 243 227 4 327 
SP 245 228 6 166 
SP 246 229 3 377 
NP 247 230 5 445 
NP 248 231 10 328 
EP 248 232 10 275 1
SP 250 233 10 187 
EP 251 234 2 487 4
EP 252 235 9 342 5
SP 253 236 5 407 
SP 254 237 10 85 
NP 256 238 4 85 
EP 258 239 3 275 3
NP 259 240 4 240 
EP 259 241 1 368 4
EP 259 242 7 126 1
EP 261 243 8 195 5
EP 261 244 5 335 3
NP 263 245 1 82 
SP 263 246 2 394 
SP 265 247 1 345 
NP 266 248 5 248 
NP 268 249 4 212 
EP 269 250 2 316 5
SP 271 251 1 244 
NP 271 252 5 193 
EP 273 253 9 154 3
EP 275 254 9 473 2
SP 276 255 10 340 
NP 277 256 1 441 
EP 278 257 9 116 2
EP 278 258 5 296 1
EP 279 259 6 90 1
SP 280 260 7 169 
NP 282 261 2 257 
NP 283 262 8 319 
SP 285 263 7 438 
NP 287 264 5 489 
SP 288 265 7 113 
EP 290 266 8 220 5
SP 291 267 4 320 
NP 291 268 6 133 
NP 291 269 1 425 
EP 293 270 2 202 2
EP 295 271 4 492 3
EP 297 272 9 209 3
NP 299 273 7 232 
SP 301 274 4 356 
SP 301 275 7 495 
SP 301 276 8 365 
EP 301 277 9 127 3
EP 303 278 5 390 1
NP 305 279 9 99 
SP 307 280 5 186 
NP 309 281 10 175 
SP 309 282 9 396 
EP 311 283 1 156 5
NP 311 284 9 277 
EP 312 285 6 86 5
SP 314 286 10 295 
NP 314 287 8 182 
EP 315 288 7 61 1
NP 317 289 1 63 
EP 317 290 2 491 3
SP 318 291 3 126 
SP 318 292 1 477 
EP 318 293 1 249 1
EP 318 294 3 369 5
SP 319 295 10 306 
SP 319 296 7 475 
NP 320 297 2 480 
SP 322 298 9 138 
EP 322 299 1 396 5
NP 323 300 7 127 
SP 325 301 5 349 
SP 327 302 5 498 
NP 328 303 3 364 
EP 328 304 9 292 5
EP 330 305 10 197 1
SP 332 306 1 89 
SP 334 307 10 235 
SP 334 308 7 242 
NP 334 309 9 245 
SP 334 310 5 345 
SP 336 311 8 289 
NP 337 312 2 321 
SP 337 313 1 262 
SP 337 314 4 193 
SP 339 315 4 363 
SP 340 316 9 268 
NP 342 317 9 275 
NP 342 318 9 462 
NP 343 319 7 152 
SP 344 320 5 130 
EP 345 321 9 442 3
EP 345 322 9 445 4
SP 345 323 4 448 
EP 345 324 1 163 1
SP 346 325 2 388 
NP 346 326 9 163 
SP 348 327 6 196 
SP 350 328 5 315 
EP 351 329 1 363 3
EP 353 330 9 449 2
NP 354 331 4 270 
NP 354 332 5 148 
NP 355 333 7 134 
EP 357 334 9 255 3
SP 357 335 7 227 
NP 359 336 6 437 
NP 359 337 6 319 
EP 360 338 10 343 4
EP 360 339 6 342 4
EP 362 340 9 442 1
NP 364 341 4 95 
SP 365 342 3 363 
SP 365 343 2 429 
NP 367 344 6 147 
SP 369 345 5 83 
NP 370 346 8 226 
SP 371 347 3 456 
NP 372 348 5 354 
EP 372 349 6 205 2
EP 372 350 8 497 4
NP 374 351 6 466 
NP 376 352 1 293 
EP 378 353 1 384 5
EP 379 354 9 341 3
NP 381 355 1 474 
SP 382 356 6 180 
SP 382 357 9 103 
SP 383 358 7 460 
SP 383 359 9 416 
SP 384 360 5 268 
EP 385 361 6 224 5
SP 385 362 5 224 
NP 387 363 2 370 
NP 387 364 6 273 
NP 389 365 5 435 
EP 390 366 6 206 1
EP 392 367 9 446 1
NP 392 368 7 263 
EP 392 369 1 214 5
NP 393 370 8 270 
EP 393 371 1 274 3
SP 393 372 6 236 
SP 395 373 2 170 
NP 397 374 10 484 
SP 399 375 6 437 
NP 400 376 9 444 
SP 400 377 8 347 
NP 400 378 3 370 
EP 402 379 1 257 2
EP 404 380 6 218 2
NP 405 381 2 231 
SP 405 382 3 101 
EP 406 383 8 63 3
EP 408 384 6 368 5
NP 410 385 7 435 
SP 410 386 4 245 
NP 412 387 2 397 
SP 413 388 4 411 
EP 414 389 8 240 5
EP 414 390 4 347 3
SP 415 391 9 485 
NP 416 392 1 299 
SP 418 393 8 275 
NP 418 394 4 238 
EP 418 395 6 484 3
SP 418 396 10 109 
EP 419 397 3 389 2
SP 421 398 1 144 
EP 422 399 6 283 4
EP 422 400 5 395 5
SP 423 401 5 397 
NP 424 402 5 451 
SP 425 403 5 448 
NP 427 404 6 456 
EP 428 405 6 451 1
EP 428 406 3 424 5
SP 430 407 3 80 
SP 430 408 8 240 
SP 432 409 9 473 
SP 434 410 3 53 
NP 435 411 6 224 
EP 436 412 1 358 5
EP 436 413 7 363 1
EP 437 414 5 441 2
EP 439 415 5 180 3
EP 440 416 4 338 5
SP 442 417 6 201 
SP 443 418 2 65 
SP 444 419 1 423 
SP 446 420 9 246 
SP 448 421 2 295 
NP 448 422 2 106 
EP 448 423 1 130 5
EP 448 424 6 401 4
EP 449 425 2 82 4
SP 450 426 2 317 
NP 452 427 4 233 
EP 454 428 5 288 1
EP 454 429 2 411 2
NP 456 430 6 76 
SP 458 431 7 52 
NP 460 432 9 192 
NP 460 433 5 500 
SP 462 434 3 397 
EP 463 435 8 419 4
NP 464 436 1 494 
SP 465 437 9 447 
SP 467 438 4 193 
NP 467 439 4 212 
SP 468 440 8 336 
NP 468 441 7 391 
NP 470 442 1 497 
EP 471 443 7 269 1
EP 472 444 8 212 2
EP 473 445 10 128 2
NP 474 446 3 182 
SP 474 447 8 317 
EP 476 448 7 56 2
NP 477 449 8 421 
NP 478 450 4 372 
NP 479 451 9 214 
SP 480 452 9 408 
EP 481 453 10 148 1
SP 482 454 9 410 
SP 484 455 8 180 
SP 484 456 3 499 
SP 484 457 8 197 
EP 485 458 8 268 4
NP 486 459 6 174 
NP 487 460 3 472 
SP 489 461 6 344 
NP 489 462 10 150 
NP 490 463 4 74 
EP 490 464 3 151 3
EP 491 465 5 186 2
EP 492 466 1 109 2
EP 492 467 8 172 2
SP 493 468 7 401 
SP 494 469 1 460 
EP 494 470 4 148 4
EP 496 471 6 285 4
SP 496 472 3 349 
SP 497 473 6 170 
NP 498 474 6 205 
EP 498 475 1 310 1
NP 499 476 5 221 
EP 499 477 7 146 4
SP 500 478 5 300 
SP 501 479 2 471 
SP 503 480 5 477 
EP 503 481 1 331 4
EP 504 482 5 349 3
SP 506 483 10 486 
EP 507 484 7 167 5
NP 509 485 8 496 
NP 510 486 7 460 
EP 511 487 9 352 4
EP 511 488 5 226 2
EP 512 489 7 451 4
EP 513 490 2 102 2
NP 514 491 6 399 
NP 516 492 6 249 
SP 517 493 10 107 
NP 517 494 5 171 
SP 517 495 9 247 
NP 519 496 1 265 
NP 519 497 1 180 
SP 519 498 5 463 
NP 519 499 8 391 
EP 520 500 3 227 3
NP 520 501 5 387 
EP 522 502 5 296 2
EP 524 503 4 123 4
NP 525 504 6 77 
NP 525 505 6 74 
EP 526 506 9 401 4
NP 528 507 3 327 
NP 528 508 7 213 
NP 530 509 8 240 
SP 532 510 3 348 
SP 534 511 9 210 
NP 535 512 8 128 
SP 537 513 7 83 
SP 538 514 2 170 
EP 538 515 6 163 2
SP 539 516 2 463 
SP 541 517 2 369 
EP 541 518 4 194 5
SP 541 519 8 370 
NP 542 520 4 131 
SP 543 521 9 285 
EP 544 522 2 272 4
NP 544 523 6 437 
SP 544 524 6 469 
NP 544 525 10 340 
SP 546 526 5 125 
EP 547 527 8 215 2
EP 547 528 7 160 2
SP 547 529 3 137 
EP 547 530 3 51 3
NP 549 531 3 290 
NP 551 532 5 496 
SP 551 533 3 333 
EP 551 534 5 233 4
EP 553 535 4 417 5
EP 553 536 7 285 1
NP 553 537 1 455 
NP 555 538 5 477 
NP 555 539 3 449 
EP 555 540 4 247 5
SP 556 541 1 415 
EP 557 542 9 251 1
NP 558 543 6 385 
EP 559 544 8 181 2
NP 559 545 10 364 
NP 561 546 10 110 
EP 561 547 6 350 2
SP 562 548 7 81 
NP 563 549 1 109 
SP 563 550 8 275 
NP 564 551 3 372 
NP 566 552 2 124 
SP 567 553 7 78 
EP 567 554 6 209 4
EP 568 555 8 236 4
EP 568 556 2 485 3
SP 570 557 3 405 
EP 572 558 3 363 2
SP 572 559 3 133 
EP 572 560 8 108 1
NP 573 561 5 333 
EP 575 562 3 94 2
SP 577 563 9 261 
EP 577 564 5 391 5
NP 579 565 7 188 
NP 580 566 9 96 
SP 581 567 10 371 
EP 583 568 4 222 1
NP 584 569 2 349 
EP 585 570 8 308 5
NP 585 571 6 64 
EP 587 572 6 307 4
SP 589 573 3 413 
NP 589 574 9 431 
NP 589 575 1 112 
EP 591 576 5 462 3
SP 592 577 7 242 
SP 592 578 8 81 
SP 592 579 10 250 
SP 594 580 8 349 
NP 596 581 5 99 
NP 597 582 9 367 
EP 599 583 4 256 1
NP 599 584 3 337 
EP 599 585 10 378 2
NP 601 586 1 272 
SP 603 587 2 235 
EP 603 588 1 325 1
NP 604 589 3 236 
NP 606 590 7 189 
EP 606 591 6 138 5
NP 608 592 2 123 
SP 608 593 8 266 
NP 609 594 2 232 
SP 611 595 1 323 
NP 612 596 6 116 
EP 614 597 6 409 4
NP 614 598 4 149 
EP 616 599 5 395 4
NP 616 600 6 476 
EP 618 601 10 377 5
NP 619 602 7 311 
EP 619 603 6 103 4
EP 620 604 2 108 5
NP 621 605 3 381 
SP 622 606 1 444 
NP 624 607 9 174 
SP 626 608 5 95 
NP 628 609 10 373 
EP 629 610 1 240 5
NP 629 611 5 374 
NP 630 612 4 419 
EP 631 613 8 348 2
EP 632 614 9 145 5
SP 634 615 4 404 
NP 636 616 4 186 
NP 636 617 8 231 
EP 637 618 5 386 5
SP 639 619 2 122 
SP 640 620 2 210 
EP 642 621 2 217 5
EP 642 622 9 386 4
SP 643 623 8 179 
SP 645 624 10 190 
SP 645 625 9 319 
EP 645 626 5 164 1
SP 647 627 5 482 
NP 648 628 9 291 
NP 649 629 2 252 
EP 651 630 5 444 5
SP 652 631 3 484 
NP 652 632 3 462 
SP 653 633 6 397 
NP 654 634 6 448 
NP 656 635 3 99 
EP 656 636 1 287 4
EP 658 637 7 385 2
NP 660 638 6 475 
NP 661 639 9 191 
EP 661 640 3 438 3
EP 661 641 9 425 4
EP 661 642 10 265 2
SP 662 643 6 436 
SP 662 644 1 310 
SP 663 645 8 397 
SP 663 646 7 332 
SP 663 647 8 440 
EP 664 648 10 55 3
NP 666 649 1 59 
EP 667 650 10 86 2
NP 667 651 2 147 
SP 668 652 9 221 
NP 669 653 3 246 
NP 671 654 8 419 
SP 672 655 5 172 
SP 674 656 9 147 
NP 674 657 10 254 
NP 676 658 7 320 
EP 676 659 3 248 5
SP 678 660 9 490 
NP 680 661 4 167 
NP 681 662 2 371 
EP 683 663 2 449 1
NP 683 664 5 271 
NP 683 665 3 174 
NP 683 666 7 444 
SP 684 667 7 102 
NP 686 668 9 179 
EP 687 669 10 72 5
EP 688 670 8 358 2
SP 688 671 10 218 
SP 690 672 1 452 
SP 692 673 6 121 
EP 693 674 8 76 4
EP 694 675 9 68 5
NP 695 676 8 97 
EP 695 677 6 339 3
SP 695 678 1 465 
SP 695 679 10 243 
NP 696 680 4 69 
NP 696 681 4 163 
SP 697 682 2 151 
EP 697 683 3 87 5
SP 698 684 8 150 
EP 698 685 5 248 2
SP 698 686 6 226 
EP 700 687 2 437 2
NP 702 688 6 87 
EP 702 689 9 465 1
SP 703 690 5 180 
SP 704 691 5 274 
NP 705 692 7 356 
EP 705 693 5 268 3
SP 706 694 2 494 
SP 708 695 10 390 
NP 710 696 7 85 
NP 711 697 6 488 
SP 712 698 8 282 
SP 713 699 5 284 
EP 714 700 8 160 3
EP 714 701 1 93 1
SP 715 702 5 69 
NP 717 703 4 211 
SP 717 704 3 218 
EP 718 705 6 233 5
EP 720 706 10 208 4
NP 720 707 3 123 
SP 720 708 4 303 
EP 721 709 6 73 1
EP 723 710 5 435 2
EP 724 711 10 406 4
EP 724 712 5 93 3
EP 724 713 10 60 2
EP 724 714 7 57 3
EP 726 715 3 249 4
EP 726 716 9 419 3
EP 728 717 10 78 2
NP 729 718 2 284 
EP 731 719 8 402 3
NP 733 720 8 343 
SP 735 721 4 195 
NP 735 722 2 223 
EP 737 723 7 410 3
SP 737 724 8 60 
NP 737 725 3 229 
NP 739 726 2 286 
EP 739 727 2 198 4
SP 739 728 5 388 
SP 740 729 7 143 
NP 741 730 4 110 
SP 741 731 5 337 
EP 742 732 3 360 1
NP 743 733 7 467 
NP 744 734 9 72 
SP 746 735 6 419 
EP 748 736 8 423 2
NP 750 737 2 276 
EP 751 738 1 427 2
NP 752 739 1 147 
SP 754 740 2 230 
NP 754 741 6 430 
SP 754 742 6 277 
EP 754 743 2 146 3
SP 756 744 8 403 
SP 757 745 8 151 
SP 759 746 10 260 
EP 761 747 1 278 5
NP 763 748 3 432 
SP 763 749 9 166 
EP 763 750 10 483 5
EP 763 751 4 149 1
EP 764 752 7 276 2
SP 765 753 8 161 
EP 765 754 3 201 1
NP 767 755 2 382 
SP 769 756 2 252 
SP 769 757 8 162 
EP 770 758 7 403 2
NP 771 759 5 344 
SP 773 760 9 427 
EP 773 761 10 323 3
NP 774 762 4 62 
SP 776 763 4 71 
EP 776 764 5 231 1
EP 778 765 3 380 4
NP 779 766 6 454 
NP 779 767 5 430 
SP 780 768 4 61 
SP 780 769 3 354 
EP 780 770 7 207 3
SP 781 771 7 402 
NP 781 772 4 412 
EP 782 773 7 357 5
SP 782 774 5 275 
EP 784 775 2 189 5
NP 786 776 6 307 
EP 786 777 7 470 2
EP 786 778 4 420 3
EP 788 779 10 200 2
SP 788 780 1 69 
EP 788 781 1 411 1
SP 789 782 9 201 
SP 789 783 9 349 
NP 790 784 3 324 
EP 790 785 5 477 1
EP 790 786 10 87 4
NP 791 787 3 141 
SP 791 788 4 362 
NP 791 789 10 54 
SP 792 790 9 178 
SP 793 791 3 88 
SP 794 792 5 308 
EP 795 793 5 251 5
SP 797 794 8 293 
SP 798 795 7 456 
SP 799 796 7 500 
NP 800 797 1 126 
NP 801 798 5 360 
EP 803 799 8 82 2
EP 805 800 6 204 3
NP 805 801 10 260 
NP 806 802 1 498 
NP 808 803 10 384 
SP 809 804 1 297 
EP 809 805 8 53 3
EP 809 806 5 85 3
EP 811 807 6 458 1
SP 811 808 3 173 
SP 811 809 10 361 
EP 811 810 3 131 3
SP 811 811 4 365 
NP 813 812 2 88 
EP 814 813 6 260 5
EP 814 814 7 471 5
SP 816 815 9 412 
EP 818 816 3 111 1
EP 819 817 1 109 2
NP 820 818 2 284 
SP 821 819 2 451 
SP 821 820 8 229 
SP 821 821 9 59 
EP 823 822 9 401 4
SP 825 823 9 139 
NP 827 824 5 352 
NP 829 825 2 450 
NP 831 826 7 158 
NP 832 827 5 331 
EP 832 828 8 409 2
EP 834 829 10 317 2
SP 834 830 8 285 
EP 835 831 10 436 5
SP 837 832 8 267 
SP 838 833 6 76 
EP 840 834 8 176 5
NP 842 835 3 196 
EP 842 836 4 378 5
SP 844 837 3 435 
EP 845 838 10 195 1
EP 845 839 3 384 4
SP 845 840 8 492 
EP 846 841 10 237 5
NP 847 842 7 257 
NP 848 843 2 364 
EP 850 844 10 273 3
SP 852 845 1 183 
NP 854 846 8 471 
EP 856 847 5 283 1
EP 856 848 10 337 2
NP 858 849 6 186 
EP 858 850 4 250 1
SP 858 851 5 112 
EP 859 852 4 219 3
EP 860 853 8 430 3
NP 862 854 8 119 
EP 862 855 4 123 2
EP 863 856 10 485 5
SP 865 857 2 86 
NP 865 858 5 479 
EP 866 859 1 191 2
SP 867 860 7 367 
SP 868 861 10 275 
NP 869 862 4 147 
EP 869 863 10 372 4
NP 871 864 6 302 
SP 871 865 6 196 
NP 872 866 9 317 
NP 874 867 2 397 
NP 875 868 9 123 
NP 877 869 4 120 
NP 879 870 9 425 
EP 881 871 3 276 4
NP 883 872 9 229 
EP 885 873 4 428 4
EP 886 874 1 420 2
NP 887 875 7 115 
SP 888 876 6 144 
EP 890 877 5 91 3
EP 892 878 10 291 5
NP 894 879 5 419 
SP 894 880 9 381 
SP 895 881 5 111 
EP 895 882 10 455 4
NP 896 883 3 295 
EP 897 884 7 100 5
EP 899 885 1 474 4
NP 901 886 1 196 
EP 901 887 4 213 4
SP 903 888 1 327 
SP 905 889 4 355 
EP 905 890 6 498 3
SP 905 891 7 489 
NP 906 892 6 292 
EP 907 893 1 206 4
NP 908 894 1 458 
NP 908 895 2 55 
SP 909 896 4 418 
NP 910 897 9 373 
SP 910 898 7 68 
SP 911 899 1 83 
EP 911 900 10 329 2
EP 911 901 5 222 4
SP 912 902 5 468 
NP 912 903 1 269 
SP 913 904 2 227 
EP 914 905 1 304 3
NP 914 906 7 277 
NP 914 907 6 429 
SP 914 908 1 374 
EP 914 909 8 71 3
EP 915 910 7 435 1
NP 915 911 1 203 
NP 916 912 2 82 
NP 918 913 1 380 
SP 918 914 2 97 
EP 918 915 7 142 1
NP 919 916 2 356 
SP 919 917 5 362 
NP 920 918 5 499 
EP 921 919 2 343 2
NP 923 920 7 231 
EP 923 921 5 400 2
EP 924 922 6 208 4
SP 926 923 10 304 
EP 927 924 5 392 3
EP 929 925 6 184 4
SP 929 926 1 179 
NP 929 927 9 220 
EP 929 928 2 274 2
EP 930 929 7 488 5
SP 931 930 10 156 
EP 931 931 7 264 3
EP 931 932 2 364 5
NP 932 933 10 388 
SP 932 934 5 401 
SP 933 935 8 438 
EP 934 936 7 378 4
EP 935 937 3 167 1
EP 936 938 4 134 4
SP 936 939 10 358 
NP 936 940 6 106 
NP 938 941 9 205 
EP 940 942 1 237 3
NP 941 943 4 228 
EP 941 944 1 321 5
EP 942 945 8 204 5
SP 944 946 6 247 
NP 946 947 8 131 
NP 946 948 7 291 
SP 948 949 3 183 
SP 948 950 6 334 
NP 949 951 6 185 
EP 950 952 4 449 1
SP 950 953 10 119 
NP 952 954 8 339 
NP 952 955 2 399 
EP 952 956 4 87 5
SP 952 957 5 486 
SP 953 958 10 200 
EP 954 959 5 79 3
NP 956 960 7 360 
EP 958 961 2 438 4
SP 960 962 2 219 
EP 961 963 2 301 3
SP 962 964 6 363 
EP 962 965 8 253 2
SP 962 966 6 160 
SP 964 967 7 52 
EP 964 968 8 434 3
SP 966 969 4 124 
SP 966 970 8 298 
NP 968 971 10 231 
NP 969 972 2 488 
SP 971 973 7 322 
SP 972 974 2 319 
NP 973 975 1 342 
NP 975 976 10 92 
NP 975 977 4 205 
SP 976 978 6 218 
SP 978 979 5 395 
NP 978 980 2 311 
SP 978 981 3 279 
SP 980 982 7 189 
EP 981 983 7 82 3
EP 983 984 8 156 2
NP 984 985 10 149 
NP 985 986 1 62 
EP 986 987 2 234 2
EP 986 988 4 312 5
EP 988 989 8 269 3
SP 988 990 3 117 
NP 989 991 5 274 
SP 991 992 2 79 
EP 991 993 2 455 5
SP 991 994 8 370 
EP 991 995 7 221 2
EP 992 996 4 481 2
NP 992 997 10 234 
SP 994 998 4 162 
NP 995 999 4 181 
NP 995 1000 4 102 
NP 997 1001 5 442 
EP 997 1002 5 382 4
EP 999 1003 4 332 1
SP 1000 1004 5 347 
EP 1002 1005 1 310 5
EP 1002 1006 10 355 4
SP 1004 1007 7 447 
NP 1004 1008 5 132 
EP 1004 1009 3 431 1
NP 1005 1010 6 483 
EP 1006 1011 7 456 3
EP 1006 1012 9 239 4
EP 1008 1013 6 260 1
SP 1010 1014 2 102 
NP 1012 1015 3 261 
NP 1014 1016 7 441 
NP 1014 1017 6 74 
EP 1016 1018 10 452 5
NP 1017 1019 6 84 
SP 1018 1020 4 190 
NP 1019 1021 4 386 
NP 1020 1022 1 364 
SP 1020 1023 4 491 
EP 1020 1024 9 465 5
SP 1021 1025 2 306 
NP 1021 1026 1 205 
EP 1021 1027 3 357 4
SP 1021 1028 10 75 
EP 1021 1029 4 205 4
NP 1022 1030 5 442 
NP 1024 1031 2 342 
NP 1025 1032 9 58 
SP 1027 1033 5 172 
EP 1028 1034 7 106 2
EP 1028 1035 9 156 4
EP 1028 1036 8 288 2
SP 1029 1037 3 217 
SP 1030 1038 1 56 
EP 1031 1039 4 339 5
NP 1032 1040 1 456 
SP 1033 1041 10 196 
EP 1034 1042 3 411 5
EP 1036 1043 4 382 5
NP 1038 1044 8 425 
EP 1038 1045 5 155 4
NP 1039 1046 5 323 
EP 1039 1047 6 57 1
EP 1041 1048 8 130 2
NP 1042 1049 10 477 
SP 1044 1050 9 300 
NP 1044 1051 1 129 
SP 1046 1052 10 87 
SP 1047 1053 1 496 
SP 1047 1054 10 390 
NP 1049 1055 6 179 
EP 1050 1056 1 125 2
SP 1052 1057 3 316 
EP 1053 1058 2 275 2
EP 1054 1059 9 490 1
NP 1056 1060 5 52 
EP 1056 1061 1 344 2
SP 1058 1062 6 71 
NP 1058 1063 9 336 
NP 1059 1064 2 310 
SP 1059 1065 5 314 
EP 1060 1066 3 498 3
SP 1060 1067 7 174 
SP 1062 1068 10 443 
SP 1064 1069 10 471 
EP 1065 1070 9 233 4
NP 1065 1071 1 73 
EP 1067 1072 6 325 5
EP 1067 1073 3 401 4
NP 1068 1074 5 453 
EP 1068 1075 2 188 5
SP 1070 1076 8 238 
NP 1072 1077 10 486 
SP 1074 1078 7 426 
SP 1076 1079 8 100 
EP 1078 1080 4 384 1
SP 1078 1081 9 79 
EP 1080 1082 2 354 3
SP 1080 1083 5 149 
EP 1082 1084 1 218 1
NP 1082 1085 2 260 
NP 1082 1086 8 74 
NP 1083 1087 3 107 
SP 1084 1088 10 65 
SP 1084 1089 2 341 
SP 1084 1090 4 318 
NP 1085 1091 8 459 
NP 1087 1092 3 467 
EP 1087 1093 3 228 1
SP 1089 1094 1 460 
EP 1089 1095 9 456 2
EP 1089 1096 5 366 2
EP 1089 1097 9 218 2
NP 1091 1098 2 168 
EP 1093 1099 6 142 3
SP 1094 1100 9 356 
NP 1095 1101 3 437 
SP 1097 1102 4 286 
EP 1099 1103 2 469 4
NP 1101 1104 7 128 
NP 1102 1105 2 140 
NP 1104 1106 3 132 
SP 1104 1107 9 299 
SP 1104 1108 1 186 
NP 1106 1109 4 81 
SP 1108 1110 5 56 
EP 1109 1111 9 95 2
NP 1111 1112 1 93 
NP 1111 1113 5 62 
NP 1113 1114 6 60 
NP 1115 1115 5 211 
EP 1116 1116 5 323 1
SP 1116 1117 10 469 
EP 1117 1118 5 429 5
NP 1118 1119 3 255 
EP 1120 1120 6 167 2
SP 1120 1121 6 349 
SP 1121 1122 2 340 
SP 1123 1123 5 406 
EP 1125 1124 7 434 2
NP 1126 1125 6 146 
EP 1126 1126 6 69 4
NP 1126 1127 8 264 
SP 1128 1128 5 163 
NP 1129 1129 6 411 
NP 1130 1130 3 306 
SP 1131 1131 6 234 
EP 1132 1132 8 407 2
EP 1132 1133 5 316 2
EP 1132 1134 3 132 2
SP 1134 1135 10 343 
SP 1135 1136 10 404 
NP 1137 1137 9 376 
NP 1138 1138 3 429 
NP 1138 1139 2 455 
NP 1138 1140 6 398 
EP 1138 1141 9 206 2
NP 1139 1142 5 86 
NP 1141 1143 8 460 
EP 1143 1144 7 154 2
EP 1143 1145 2 292 1
EP 1143 1146 6 170 5
NP 1145 1147 5 120 
SP 1147 1148 9 460 
SP 1148 1149 6 385 
EP 1148 1150 3 315 2
NP 1150 1151 10 366 
SP 1151 1152 4 446 
EP 1151 1153 6 204 3
EP 1151 1154 8 415 5
EP 1153 1155 9 343 2
NP 1154 1156 2 296 
NP 1155 1157 3 417 
NP 1155 1158 2 480 
EP 1157 1159 5 168 5
SP 1158 1160 6 86 
NP 1158 1161 10 369 
EP 1160 1162 6 202 4
NP 1160 1163 3 474 
SP 1162 1164 5 122 
EP 1164 1165 8 286 3
EP 1166 1166 4 247 1
EP 1168 1167 7 322 2
NP 1168 1168 5 355 
NP 1169 1169 7 417 
NP 1170 1170 9 447 
SP 1172 1171 2 373 
EP 1174 1172 2 387 4
NP 1174 1173 1 243 
SP 1174 1174 3 500 
NP 1174 1175 4 347 
SP 1176 1176 1 362 
SP 1177 1177 6 181 
NP 1179 1178 2 319 
SP 1179 1179 9 492 
SP 1179 1180 7 254 
EP 1180 1181 7 217 4
SP 1180 1182 4 210 
NP 1181 1183 3 194 
EP 1181 1184 6 180 2
SP 1182 1185 1 198 
NP 1183 1186 2 76 
SP 1183 1187 6 443 
SP 1185 1188 4 157 
EP 1185 1189 3 205 5
EP 1187 1190 3 439 1
SP 1187 1191 2 52 
NP 1187 1192 4 379 
EP 1189 1193 1 446 5
EP 1189 1194 2 234 4
EP 1189 1195 3 235 5
EP 1190 1196 8 186 1
EP 1190 1197 8 91 5
EP 1192 1198 4 481 4
EP 1194 1199 9 325 1
NP 1194 1200 8 443 
EP 1195 1201 10 283 5
SP 1195 1202 10 151 
SP 1197 1203 5 83 
EP 1197 1204 1 339 2
NP 1198 1205 6 129 
EP 1198 1206 8 300 1
EP 1198 1207 7 226 3
SP 1199 1208 8 81 
NP 1199 1209 6 445 
SP 1201 1210 3 200 
SP 1203 1211 10 89 
EP 1205 1212 10 339 1
EP 1206 1213 7 413 1
EP 1206 1214 7 474 2
EP 1207 1215 6 342 1
NP 1207 1216 6 185 
SP 1207 1217 6 398 
SP 1208 1218 3 367 
SP 1210 1219 10 465 
EP 1210 1220 8 222 1
NP 1211 1221 9 319 
EP 1213 1222 3 465 5
SP 1213 1223 5 237 
SP 1214 1224 2 92 
NP 1215 1225 1 301 
SP 1216 1226 9 374 
NP 1216 1227 7 414 
EP 1217 1228 6 339 4
SP 1217 1229 9 177 
NP 1218 1230 7 308 
NP 1218 1231 8 265 
SP 1220 1232 5 376 
NP 1220 1233 1 72 
SP 1222 1234 10 489 
SP 1222 1235 3 163 
EP 1222 1236 3 343 4
EP 1224 1237 1 59 4
SP 1226 1238 1 128 
NP 1228 1239 2 210 
EP 1230 1240 4 412 4
NP 1231 1241 9 111 
SP 1232 1242 3 306 
SP 1234 1243 10 264 
NP 1236 1244 10 480 
NP 1238 1245 4 155 
EP 1240 1246 5 282 1
NP 1241 1247 6 313 
NP 1243 1248 9 170 
EP 1245 1249 10 195 1
SP 1245 1250 1 484 
NP 1246 1251 10 222 
EP 1246 1252 9 497 1
EP 1247 1253 5 455 3
SP 1248 1254 4 271 
SP 1248 1255 10 382 
SP 1249 1256 4 350 
EP 1251 1257 7 75 5
EP 1251 1258 1 65 1
NP 1253 1259 8 202 
NP 1253 1260 5 134 
NP 1255 1261 3 230 
NP 1255 1262 6 85 
SP 1257 1263 2 189 
SP 1259 1264 7 488 
EP 1259 1265 3 495 4
SP 1261 1266 6 351 
NP 1261 1267 1 54 
NP 1263 1268 3 100 
NP 1263 1269 2 500 
NP 1264 1270 2 74 
NP 1265 1271 8 473 
SP 1266 1272 4 68 
EP 1266 1273 4 224 5
EP 1268 1274 6 490 4
NP 1268 1275 4 53 
EP 1269 1276 2 325 3
SP 1269 1277 3 259 
NP 1270 1278 7 202 
SP 1272 1279 5 163 
EP 1273 1280 7 363 4
NP 1274 1281 8 286 
NP 1275 1282 3 361 
EP 1275 1283 1 285 4
SP 1276 1284 9 172 
EP 1278 1285 4 214 2
NP 1279 1286 1 223 
EP 1281 1287 6 253 5
EP 1281 1288 10 61 2
SP 1281 1289 8 138 
NP 1282 1290 3 100 
EP 1284 1291 5 473 3
SP 1285 1292 10 379 
EP 1285 1293 9 370 3
SP 1286 1294 2 281 
SP 1287 1295 3 82 
EP 1289 1296 5 111 1
NP 1289 1297 7 294 
SP 1291 1298 1 445 
NP 1291 1299 10 333 
EP 1292 1300 4 268 5
SP 1293 1301 1 457 
EP 1295 1302 1 145 1
EP 1295 1303 1 256 4
SP 1295 1304 3 223 
SP 1296 1305 1 369 
SP 1298 1306 10 113 
EP 1299 1307 2 488 5
NP 1301 1308 7 187 
EP 1302 1309 3 275 5
NP 1303 1310 9 84 
SP 1304 1311 2 334 
SP 1306 1312 4 105 
EP 1307 1313 2 471 3
EP 1307 1314 4 350 3
SP 1309 1315 8 91 
NP 1310 1316 9 379 
EP 1310 1317 7 467 5
EP 1312 1318 1 144 4
EP 1314 1319 3 491 5
SP 1315 1320 6 500 
SP 1317 1321 1 199 
SP 1319 1322 7 323 
EP 1321 1323 9 312 2
SP 1321 1324 8 186 
NP 1322 1325 5 459 
NP 1323 1326 7 183 
EP 1323 1327 5 236 2
NP 1324 1328 7 467 
EP 1324 1329 3 189 5
SP 1326 1330 9 109 
EP 1326 1331 8 151 1
SP 1326 1332 4 287 
NP 1328 1333 2 345 
EP 1328 1334 10 156 3
NP 1328 1335 9 406 
NP 1330 1336 2 88 
SP 1332 1337 3 67 
EP 1334 1338 10 351 1
EP 1336 1339 7 141 5
SP 1337 1340 4 379 
NP 1339 1341 8 72 
EP 1341 1342 6 87 4
SP 1341 1343 7 56 
NP 1341 1344 4 136 
NP 1342 1345 4 260 
EP 1344 1346 9 189 2
NP 1346 1347 7 431 
EP 1347 1348 7 301 4
EP 1349 1349 9 470 5
NP 1349 1350 7 453 
SP 1350 1351 10 218 
SP 1352 1352 7 392 
SP 1354 1353 4 469 
NP 1354 1354 3 232 
SP 1356 1355 3 487 
EP 1357 1356 8 135 5
EP 1358 1357 3 57 5
NP 1360 1358 2 206 
EP 1361 1359 9 375 2
NP 1362 1360 5 210 
SP 1363 1361 10 143 
SP 1363 1362 4 245 
EP 1363 1363 10 306 4
EP 1364 1364 1 157 4
EP 1364 1365 3 57 5
SP 1364 1366 9 273 
EP 1366 1367 7 92 1
SP 1368 1368 2 105 
NP 1368 1369 4 304 
SP 1369 1370 5 376 
EP 1371 1371 7 338 5
SP 1371 1372 7 189 
SP 1372 1373 8 318 
NP 1373 1374 7 270 
SP 1375 1375 7 178 
SP 1377 1376 2 169 
NP 1377 1377 10 116 
NP 1377 1378 6 97 
NP 1378 1379 6 403 
EP 1380 1380 4 412 1
NP 1382 1381 1 217 
NP 1382 1382 1 247 
NP 1383 1383 1 477 
SP 1383 1384 2 83 
NP 1383 1385 10 120 
NP 1385 1386 4 408 
NP 1386 1387 3 283 
EP 1386 1388 10 272 1
NP 1388 1389 1 475 
EP 1390 1390 6 161 1
SP 1390 1391 10 277 
NP 1390 1392 1 416 
SP 1391 1393 7 129 
SP 1392 1394 7 286 
SP 1392 1395 9 442 
SP 1392 1396 4 354 
NP 1394 1397 9 255 
NP 1394 1398 7 312 
NP 1395 1399 8 342 
SP 1397 1400 10 130 
EP 1398 1401 2 180 1
NP 1400 1402 10 227 
EP 1402 1403 4 282 5
NP 1403 1404 3 248 
NP 1404 1405 8 185 
EP 1405 1406 3 456 3
NP 1405 1407 8 347 
EP 1405 1408 7 116 1
NP 1405 1409 4 64 
SP 1406 1410 2 457 
NP 1406 1411 7 367 
NP 1406 1412 5 133 
NP 1408 1413 9 498 
SP 1409 1414 3 158 
NP 1411 1415 4 124 
NP 1412 1416 3 383 
NP 1414 1417 7 470 
SP 1416 1418 5 244 
EP 1416 1419 5 444 1
EP 1417 1420 5 289 1
SP 1417 1421 9 60 
SP 1419 1422 6 247 
NP 1419 1423 10 345 
NP 1420 1424 10 69 
EP 1421 1425 9 446 5
EP 1423 1426 9 327 5
SP 1424 1427 10 214 
EP 1425 1428 6 352 1
SP 1426 1429 3 134 
NP 1426 1430 8 301 
SP 1427 1431 2 277 
NP 1428 1432 6 478 
SP 1429 1433 5 364 
NP 1429 1434 3 151 
NP 1430 1435 3 248 
NP 1432 1436 6 464 
EP 1434 1437 2 465 3
SP 1434 1438 7 112 
EP 1434 1439 6 274 2
SP 1436 1440 1 450 
SP 1438 1441 9 81 
SP 1440 1442 9 342 
NP 1440 1443 5 383 
EP 1440 1444 2 287 2
EP 1441 1445 9 183 2
SP 1441 1446 3 446 
SP 1443 1447 4 329 
EP 1444 1448 7 428 1
EP 1444 1449 1 363 2
NP 1445 1450 3 432 
EP 1445 1451 7 172 3
SP 1447 1452 7 70 
SP 1449 1453 8 402 
NP 1450 1454 10 213 
SP 1452 1455 6 322 
NP 1453 1456 6 229 
SP 1453 1457 9 478 
EP 1454 1458 6 228 5
EP 1454 1459 5 297 4
EP 1454 1460 10 441 1
NP 1456 1461 8 378 
SP 1456 1462 2 87 
SP 1457 1463 1 196 
SP 1457 1464 10 436 
SP 1457 1465 6 446 
NP 1458 1466 8 315 
SP 1459 1467 5 410 
NP 1461 1468 6 357 
NP 1463 1469 9 468 
EP 1463 1470 4 397 5
SP 1465 1471 1 159 
SP 1467 1472 4 88 
NP 1467 1473 2 269 
EP 1469 1474 2 420 3
SP 1470 1475 2 430 
SP 1470 1476 5 415 
SP 1472 1477 3 82 
SP 1473 1478 3 56 
SP 1473 1479 2 189 
NP 1473 1480 5 365 
EP 1474 1481 3 54 5
SP 1476 1482 10 142 
NP 1478 1483 1 146 
NP 1480 1484 6 213 
EP 1482 1485 10 111 1
EP 1483 1486 8 397 1
NP 1484 1487 8 496 
EP 1486 1488 8 86 3
SP 1486 1489 9 296 
NP 1488 1490 4 190 
SP 1490 1491 1 104 
NP 1490 1492 9 410 
SP 1491 1493 7 159 
SP 1492 1494 8 444 
SP 1493 1495 9 403 
NP 1494 1496 8 70 
NP 1494 1497 8 433 
EP 1495 1498 2 376 4
NP 1495 1499 10 95 
EP 1497 1500 6 220 4
SP 1498 1501 9 268 
NP 1499 1502 9 119 
SP 1499 1503 6 282 
EP 1501 1504 3 472 1
NP 1503 1505 1 462 
SP 1503 1506 9 214 
NP 1503 1507 4 335 
NP 1503 1508 10 287 
EP 1505 1509 10 299 1
EP 1506 1510 5 391 2
NP 1506 1511 9 241 
NP 1508 1512 7 321 
EP 1508 1513 10 499 1
SP 1509 1514 6 50 
NP 1510 1515 2 222 
NP 1510 1516 9 499 
SP 1512 1517 7 96 
NP 1514 1518 6 269 
SP 1515 1519 3 199 
EP 1516 1520 2 68 2
NP 1518 1521 10 340 
EP 1519 1522 2 259 3
NP 1519 1523 8 261 
SP 1521 1524 2 86 
NP 1521 1525 1 129 
NP 1521 1526 8 185 
NP 1523 1527 10 244 
NP 1524 1528 5 317 
NP 1524 1529 4 68 
NP 1524 1530 4 227 
SP 1524 1531 6 494 
NP 1524 1532 5 444 
NP 1525 1533 5 308 
EP 1526 1534 5 400 1
SP 1527 1535 4 225 
SP 1527 1536 4 124 
EP 1529 1537 2 104 2
SP 1531 1538 2 319 
NP 1533 1539 7 189 
EP 1533 1540 10 244 2
EP 1535 1541 8 409 5
SP 1535 1542 9 175 
EP 1536 1543 3 329 4
SP 1536 1544 4 498 
SP 1538 1545 5 131 
EP 1540 1546 5 470 5
EP 1541 1547 3 254 5
EP 1541 1548 1 60 4
NP 1543 1549 4 395 
NP 1545 1550 2 126 
EP 1545 1551 3 206 2
NP 1545 1552 6 168 
EP 1546 1553 8 331 4
EP 1546 1554 3 84 4
SP 1547 1555 9 287 
NP 1549 1556 6 420 
EP 1551 1557 7 455 2
SP 1552 1558 1 293 
NP 1554 1559 5 436 
EP 1555 1560 7 403 2
NP 1557 1561 6 470 
EP 1557 1562 10 396 5
NP 1557 1563 6 495 
SP 1559 1564 1 416 
SP 1560 1565 5 265 
NP 1562 1566 4 198 
NP 1562 1567 10 449 
SP 1562 1568 4 298 
SP 1563 1569 4 374 
NP 1565 1570 3 302 
EP 1566 1571 5 145 2
NP 1567 1572 1 235 
SP 1569 1573 6 301 
NP 1571 1574 10 193 
SP 1573 1575 5 491 
EP 1574 1576 4 154 1
NP 1576 1577 9 456 
EP 1577 1578 6 434 1
NP 1578 1579 5 421 
NP 1579 1580 6 61 
EP 1581 1581 4 163 5
NP 1582 1582 2 275 
NP 1582 1583 4 288 
SP 1582 1584 3 490 
SP 1584 1585 1 55 
SP 1584 1586 1 236 
NP 1586 1587 9 319 
NP 1587 1588 4 325 
NP 1589 1589 6 276 
NP 1590 1590 2 285 
SP 1591 1591 1 95 
EP 1593 1592 2 113 1
EP 1595 1593 7 255 1
NP 1597 1594 1 489 
EP 1599 1595 4 134 1
EP 1600 1596 4 69 3
NP 1600 1597 1 354 
EP 1601 1598 3 461 5
SP 1603 1599 8 372 
SP 1604 1600 1 286 
NP 1604 1601 3 389 
SP 1606 1602 4 343 
SP 1606 1603 7 413 
NP 1608 1604 7 270 
SP 1610 1605 5 61 
SP 1610 1606 9 108 
SP 1611 1607 5 393 
SP 1612 1608 1 279 
EP 1613 1609 3 244 5
NP 1615 1610 10 487 
NP 1617 1611 4 227 
NP 1619 1612 7 55 
SP 1620 1613 2 229 
NP 1622 1614 7 70 
NP 1622 1615 10 63 
EP 1623 1616 1 275 2
EP 1625 1617 7 478 2
EP 1625 1618 2 282 1
NP 1626 1619 3 408 
NP 1627 1620 5 370 
NP 1628 1621 2 414 
NP 1629 1622 6 230 
EP 1631 1623 1 229 1
NP 1633 1624 4 72 
NP 1633 1625 10 452 
EP 1634 1626 2 186 3
EP 1636 1627 3 229 1
NP 1638 1628 2 316 
NP 1638 1629 4 287 
NP 1638 1630 2 228 
EP 1639 1631 2 498 2
EP 1639 1632 1 233 1
NP 1639 1633 7 497 
EP 1639 1634 8 84 1
SP 1639 1635 5 492 
NP 1641 1636 2 405 
SP 1642 1637 10 302 
EP 1643 1638 1 158 5
SP 1644 1639 7 234 
SP 1644 1640 1 385 
NP 1644 1641 9 255 
EP 1645 1642 2 196 2
NP 1645 1643 2 74 
EP 1646 1644 9 314 3
NP 1646 1645 4 200 
SP 1646 1646 3 406 
EP 1646 1647 1 67 4
SP 1648 1648 5 252 
NP 1649 1649 9 60 
SP 1651 1650 6 355 
NP 1652 1651 7 51 
NP 1652 1652 9 164 
SP 1653 1653 5 465 
NP 1653 1654 8 305 
NP 1653 1655 3 193 
SP 1655 1656 5 478 
SP 1657 1657 5 98 
SP 1659 1658 6 325 
SP 1660 1659 5 310 
SP 1660 1660 5 454 
NP 1660 1661 3 64 
EP 1660 1662 10 485 4
SP 1662 1663 1 469 
SP 1662 1664 7 279 
EP 1664 1665 6 213 5
SP 1664 1666 5 228 
NP 1666 1667 2 100 
SP 1668 1668 4 78 
EP 1669 1669 10 393 1
NP 1670 1670 3 205 
EP 1671 1671 9 251 1
SP 1673 1672 1 328 
NP 1673 1673 5 363 
NP 1673 1674 5 450 
NP 1674 1675 5 390 
EP 1676 1676 5 383 4
NP 1676 1677 6 56 
SP 1678 1678 6 233 
EP 1680 1679 6 496 5
EP 1681 1680 5 388 5
EP 1681 1681 10 439 1
SP 1683 1682 4 178 
NP 1683 1683 8 126 
EP 1683 1684 4 173 2
NP 1683 1685 1 487 
SP 1684 1686 9 464 
SP 1685 1687 7 344 
NP 1685 1688 4 376 
SP 1685 1689 4 174 
SP 1687 1690 1 364 
EP 1688 1691 5 325 4
NP 1688 1692 10 157 
SP 1690 1693 4 87 
NP 1692 1694 1 380 
EP 1694 1695 2 281 4
NP 1696 1696 2 213 
SP 1697 1697 7 182 
SP 1699 1698 10 422 
EP 1699 1699 3 247 5
NP 1700 1700 1 429 
EP 1700 1701 1 345 2
NP 1702 1702 1 470 
EP 1702 1703 5 459 4
SP 1702 1704 1 446 
SP 1704 1705 3 286 
EP 1704 1706 10 348 1
EP 1704 1707 10 202 3
EP 1706 1708 10 149 5
SP 1706 1709 8 270 
SP 1707 1710 5 240 
EP 1709 1711 6 289 2
EP 1709 1712 2 242 1
SP 1709 1713 3 406 
SP 1711 1714 4 464 
SP 1713 1715 10 81 
SP 1714 1716 6 460 
EP 1716 1717 6 477 5
SP 1718 1718 7 136 
SP 1718 1719 5 218 
SP 1718 1720 8 307 
NP 1720 1721 5 368 
SP 1720 1722 1 201 
EP 1722 1723 3 417 4
NP 1723 1724 2 263 
EP 1723 1725 8 274 1
NP 1724 1726 8 242 
NP 1725 1727 3 443 
NP 1727 1728 5 132 
SP 1728 1729 1 250 
EP 1728 1730 9 448 1
SP 1729 1731 4 62 
SP 1730 1732 1 52 
SP 1730 1733 3 269 
SP 1730 1734 4 478 
SP 1732 1735 8 454 
NP 1734 1736 9 357 
NP 1736 1737 10 83 
SP 1736 1738 10 249 
NP 1736 1739 3 464 
NP 1738 1740 3 180 
SP 1738 1741 4 216 
EP 1740 1742 1 488 3
NP 1741 1743 8 291 
SP 1743 1744 4 67 
NP 1745 1745 2 159 
NP 1745 1746 1 370 
NP 1745 1747 9 148 
SP 1745 1748 4 72 
SP 1746 1749 8 91 
SP 1746 1750 8 459 
EP 1746 1751 8 177 3
NP 1748 1752 1 346 
NP 1748 1753 1 78 
EP 1749 1754 7 146 2
NP 1751 1755 2 319 
EP 1753 1756 7 403 5
NP 1754 1757 9 459 
SP 1756 1758 4 176 
SP 1758 1759 3 449 
NP 1758 1760 1 378 
NP 1760 1761 9 446 
EP 1761 1762 1 250 2
EP 1761 1763 2 335 5
NP 1763 1764 2 120 
EP 1764 1765 8 184 4
NP 1766 1766 8 448 
EP 1766 1767 8 114 2
SP 1766 1768 6 287 
NP 1768 1769 6 266 
NP 1769 1770 9 212 
NP 1769 1771 10 92 
EP 1771 1772 9 333 2
EP 1771 1773 7 492 3
SP 1772 1774 9 238 
EP 1772 1775 3 149 1
EP 1772 1776 10 412 4
SP 1772 1777 7 338 
SP 1773 1778 2 293 
EP 1775 1779 8 142 5
SP 1776 1780 10 315 
NP 1777 1781 7 277 
EP 1777 1782 7 77 2
NP 1778 1783 10 283 
SP 1780 1784 10 206 
EP 1782 1785 10 220 4
NP 1782 1786 6 393 
EP 1782 1787 6 305 4
NP 1784 1788 5 433 
NP 1784 1789 10 229 
NP 1786 1790 10 369 
EP 1788 1791 5 342 5
EP 1790 1792 9 216 2
EP 1790 1793 4 203 5
NP 1792 1794 10 382 
SP 1792 1795 10 431 
NP 1792 1796 8 98 
EP 1794 1797 5 343 1
SP 1795 1798 3 368 
EP 1795 1799 7 187 1
EP 1796 1800 10 164 1
EP 1797 1801 2 199 1
EP 1799 1802 9 460 5
EP 1801 1803 8 318 2
SP 1802 1804 1 350 
SP 1803 1805 3 92 
EP 1803 1806 9 471 5
EP 1804 1807 9 408 1
EP 1804 1808 7 162 1
EP 1804 1809 10 386 1
EP 1806 1810 4 115 1
NP 1806 1811 6 474 
SP 1807 1812 10 451 
SP 1809 1813 2 500 
NP 1809 1814 4 286 
NP 1809 1815 9 151 
EP 1809 1816 2 492 2
SP 1809 1817 9 146 
SP 1809 1818 5 256 
EP 1809 1819 5 213 4
EP 1811 1820 8 427 2
EP 1812 1821 2 98 4
NP 1813 1822 10 242 
EP 1815 1823 8 188 1
EP 1817 1824 8 484 1
SP 1817 1825 4 347 
EP 1818 1826 9 264 1
SP 1820 1827 10 358 
SP 1821 1828 9 90 
SP 1823 1829 9 286 
SP 1824 1830 3 259 
NP 1824 1831 1 247 
NP 1825 1832 4 66 
SP 1826 1833 2 179 
EP 1828 1834 5 233 3
EP 1828 1835 1 203 2
EP 1829 1836 5 126 3
SP 1831 1837 8 382 
SP 1833 1838 8 382 
SP 1833 1839 9 90 
EP 1833 1840 10 442 2
NP 1834 1841 7 226 
EP 1835 1842 8 323 2
NP 1837 1843 2 203 
NP 1837 1844 2 396 
EP 1839 1845 6 91 5
NP 1841 1846 5 137 
NP 1843 1847 1 273 
SP 1843 1848 3 205 
EP 1845 1849 5 112 5
EP 1845 1850 3 292 2
NP 1847 1851 1 352 
NP 1849 1852 6 118 
SP 1851 1853 6 451 
SP 1853 1854 9 473 
EP 1855 1855 3 462 2
EP 1856 1856 5 297 5
SP 1858 1857 5 375 
SP 1859 1858 7 292 
SP 1861 1859 4 61 
NP 1862 1860 10 125 
SP 1864 1861 3 204 
SP 1864 1862 1 75 
SP 1864 1863 3 424 
NP 1865 1864 9 377 
NP 1866 1865 10 306 
SP 1868 1866 9 259 
EP 1869 1867 3 130 4
EP 1871 1868 1 498 2
EP 1871 1869 10 271 1
NP 1872 1870 10 355 
EP 1872 1871 1 150 1
SP 1873 1872 2 138 
NP 1875 1873 8 274 
NP 1876 1874 3 299 
NP 1878 1875 9 401 
SP 1878 1876 2 321 
SP 1880 1877 4 458 
SP 1881 1878 2 404 
NP 1882 1879 3 190 
EP 1884 1880 6 374 4
EP 1886 1881 6 86 4
SP 1888 1882 2 410 
EP 1888 1883 4 109 2
SP 1890 1884 9 428 
NP 1890 1885 8 215 
EP 1892 1886 8 365 1
SP 1894 1887 3 355 
NP 1896 1888 3 57 
EP 1896 1889 9 173 2
NP 1897 1890 6 75 
EP 1898 1891 9 475 4
NP 1898 1892 1 480 
SP 1900 1893 1 423 
EP 1900 1894 1 86 5
NP 1902 1895 10 150 
SP 1904 1896 7 421 
EP 1906 1897 2 61 2
SP 1906 1898 9 289 
SP 1906 1899 4 262 
SP 1907 1900 5 246 
SP 1907 1901 10 303 
EP 1908 1902 1 394 5
EP 1908 1903 10 194 2
EP 1910 1904 2 51 2
SP 1910 1905 7 277 
NP 1910 1906 2 130 
EP 1910 1907 1 237 4
NP 1910 1908 2 316 
NP 1911 1909 3 129 
NP 1912 1910 8 123 
NP 1914 1911 3 289 
NP 1916 1912 4 148 
EP 1918 1913 8 346 4
EP 1919 1914 6 120 2
SP 1919 1915 9 303 
SP 1919 1916 4 158 
EP 1919 1917 7 411 2
NP 1921 1918 2 79 
EP 1922 1919 6 324 5
SP 1924 1920 2 310 
NP 1924 1921 8 500 
EP 1924 1922 9 312 5
SP 1924 1923 10 83 
NP 1926 1924 2 80 
EP 1926 1925 9 144 5
NP 1926 1926 4 439 
EP 1927 1927 5 185 3
NP 1928 1928 4 211 
SP 1928 1929 4 473 
SP 1929 1930 8 89 
SP 1930 1931 1 172 
EP 1930 1932 4 400 5
NP 1931 1933 7 285 
NP 1933 1934 7 294 
EP 1935 1935 4 409 4
NP 1937 1936 10 345 
NP 1937 1937 7 319 
NP 1937 1938 3 259 
SP 1939 1939 1 270 
SP 1939 1940 2 163 
NP 1940 1941 6 378 
EP 1940 1942 2 385 2
EP 1942 1943 5 107 4
NP 1943 1944 2 150 
NP 1945 1945 6 435 
SP 1946 1946 9 304 
EP 1947 1947 2 247 3
NP 1949 1948 2 80 
NP 1950 1949 4 253 
NP 1952 1950 1 467 
SP 1954 1951 10 311 
EP 1954 1952 7 298 5
EP 1954 1953 2 434 1
EP 1956 1954 1 267 3
EP 1957 1955 7 65 1
SP 1959 1956 9 396 
SP 1961 1957 7 188 
EP 1962 1958 2 111 5
EP 1964 1959 2 471 2
SP 1966 1960 3 143 
NP 1968 1961 2 222 
NP 1968 1962 8 244 
NP 1968 1963 9 349 
SP 1969 1964 6 489 
EP 1969 1965 8 423 2
SP 1969 1966 2 160 
EP 1969 1967 3 206 2
EP 1969 1968 8 260 4
NP 1969 1969 8 425 
EP 1969 1970 10 242 4
EP 1971 1971 1 72 5
NP 1971 1972 7 105 
NP 1971 1973 3 378 
EP 1973 1974 4 181 3
EP 1974 1975 8 60 4
NP 1976 1976 8 246 
NP 1976 1977 4 261 
NP 1977 1978 10 165 
EP 1977 1979 8 119 4
EP 1978 1980 4 444 1
NP 1979 1981 2 230 
EP 1980 1982 4 426 5
NP 1981 1983 10 160 
SP 1981 1984 6 171 
EP 1981 1985 2 496 5
EP 1981 1986 5 157 1
SP 1983 1987 10 185 
EP 1985 1988 2 335 2
EP 1987 1989 3 253 1
NP 1987 1990 8 220 
SP 1987 1991 2 381 
NP 1987 1992 3 216 
NP 1987 1993 6 392 
EP 1988 1994 1 278 4
SP 1988 1995 9 159 
NP 1990 1996 4 180 
SP 1991 1997 8 252 
NP 1991 1998 5 158 
SP 1992 1999 10 347 
NP 1993 2000 1 359 

200
1915 375
928 1802
166 1087
1428 698
1912 590
1948 561
1204 1407
59 576
181 914
1759 1087
1175 1849
1436 1715
1482 969
1127 333
1865 191
1628 718
120 1386
692 328
1949 1655
313 1241
1154 1530
1064 114
1689 233
1266 1817
1547 820
771 173
385 1476
1828 1545
445 151
1507 817
1656 1316
570 24
75 1100
888 186
966 1857
1711 1048
186 525
1043 59
1840 106
140 403
1074 122
247 57
617 541
295 62
914 431
1022 731
1211 870
922 808
28 1397
176 959
1539 558
1754 819
131 1463
1822 197
185 1952
822 949
701 342
614 1716
601 1492
319 1472
1061 79
933 1531
420 1909
283 1283
607 1
1886 892
804 1194
673 973
279 951
1738 1438
667 1023
168 1368
1212 181
1491 1992
1395 96
1841 264
1607 1628
273 1928
547 152
1094 328
910 834
373 696
1015 1610
1640 464
1887 1834
776 1288
144 1625
1014 170
354 1524
1854 306
212 605
1587 146
1902 1367
631 594
259 685
34 1722
1202 1388
1534 1573
917 1633
1914 1252
1007 1411
1133 652
830 1866
873 1168
707 1782
808 1796
1983 477
221 1791
889 253
1960 62
1756 765
940 1333
1311 1919
504 1192
223 1701
1829 1031
753 236
1463 374
1224 1516
816 1829
1502 306
367 1134
1031 1897
20 670
1019 1482
512 1184
77 519
1502 1902
740 1279
1209 1278
1840 629
253 1312
1148 961
1541 1788
1992 578
1210 327
918 1186
851 495
517 1309
1217 1218
390 538
1225 151
209 442
677 1493
184 1172
400 431
375 4
1411 449
97 1181
731 123
961 413
817 1930
1407 125
479 1693
891 1192
889 695
446 977
639 273
49 1497
959 1691
140 1058
1870 771
128 1493
1490 702
776 276
177 1179
1132 1020
1302 1302
866 611
278 355
192 242
593 345
227 1607
1678 1616
992 1752
527 869
1402 504
787 1557
332 1786
317 1627
436 1198
476 1278
1990 989
1492 1315
1169 1946
1206 1895
806 195
201 484
745 1652
376 483
243 1124
479 1099
902 1586
170 924
31 340
1217 876
833 1348
869 781
1594 191
899 883
