10
120 90

0 0 0 0 0 0 0 0 0 0
0 0 0 0 0 0 0 0 0 0
0 0 0 0 0 0 0 0 0 0
0 0 0 0 0 0 0 0 0 0
0 0 0 0 0 0 0 0 0 0
0 0 0 0 0 0 0 0 0 0
0 0 0 0 0 0 0 0 0 0
0 0 0 0 0 0 0 0 0 0
0 0 0 0 0 0 0 0 0 0
0 0 0 0 0 0 0 0 0 0

14 8
7 8
12 14
6 15
10 11
9 5
10 9
10 13
13 10
8 15

0

50
114 530
205 70
709 36
431 862
95 634
25 542
279 283
888 913
310 318
412 316
101 18
183 960
81 862
98 774
357 53
203 140
859 369
865 403
700 838
702 538
590 880
542 461
839 53
213 785
359 818
474 591
75 794
812 665
523 798
578 480
423 373
625 791
209 300
88 855
241 843
637 874
475 465
182 14
81 724
672 120
802 753
418 4
558 339
544 14
189 469
530 264
263 785
456 621
328 3
868 115
