10
120 90

0 823 972 546 733 124 518 854 589 259
965 0 176 648 928 441 645 902 671 531
490 332 0 929 510 646 246 854 648 340
298 422 325 0 472 759 998 310 505 424
742 907 336 295 0 728 637 145 210 634
457 241 573 833 694 0 930 104 346 574
757 544 315 973 959 442 0 388 855 456
841 133 816 320 287 580 801 0 479 107
289 816 691 748 813 596 942 703 0 495
478 901 283 612 829 550 239 167 999 0

7 10
6 9
9 8
6 10
10 8
7 10
8 10
9 8
10 5
5 5

2000
SP 835 1 7 337
SP 696 2 5 152
EP 571 3 3 166 5
SP 652 4 5 711
NP 28 5 3 479
SP 909 6 1 863
NP 838 7 2 987
SP 674 8 5 481
EP 840 9 10 983 5
EP 784 10 3 655 4
EP 963 11 3 779 1
SP 904 12 4 828
SP 249 13 10 621
EP 447 14 2 735 1
EP 127 15 9 605 4
EP 391 16 1 818 5
NP 155 17 5 129
EP 671 18 8 391 5
SP 266 19 10 947
NP 574 20 3 976
NP 845 21 5 629
SP 667 22 1 233
NP 69 23 3 782
NP 613 24 4 372
NP 967 25 6 494
SP 218 26 9 592
SP 520 27 3 343
EP 939 28 1 647 2
NP 185 29 8 773
SP 155 30 10 470
SP 199 31 6 382
NP 917 32 5 465
EP 655 33 5 318 4
NP 528 34 3 703
EP 186 35 10 211 4
EP 838 36 8 610 2
EP 604 37 2 379 3
NP 536 38 2 193
NP 849 39 3 555
NP 958 40 4 983
EP 411 41 6 993 5
SP 581 42 6 679
SP 528 43 6 535
SP 735 44 5 587
EP 310 45 8 439 2
SP 458 46 3 863
EP 661 47 9 612 1
SP 848 48 2 337
NP 940 49 6 336
NP 470 50 4 294
EP 310 51 3 936 4
NP 278 52 4 565
NP 636 53 10 191
EP 925 54 8 654 2
EP 381 55 1 346 5
NP 267 56 4 749
NP 484 57 4 234
NP 727 58 9 704
NP 584 59 8 598
SP 822 60 1 610
NP 350 61 4 792
EP 304 62 1 184 1
EP 295 63 3 924 4
EP 786 64 7 528 5
SP 50 65 3 491
EP 747 66 8 333 3
NP 190 67 5 543
EP 421 68 10 170 5
NP 66 69 5 646
SP 957 70 3 506
EP 829 71 9 942 2
NP 723 72 10 928
EP 399 73 7 416 3
NP 861 74 1 962
SP 568 75 4 373
NP 206 76 1 405
NP 44 77 5 888
NP 653 78 6 904
NP 975 79 6 579
EP 749 80 1 867 4
SP 705 81 9 406
EP 432 82 9 734 3
NP 118 83 3 612
SP 701 84 2 263
NP 654 85 2 608
SP 150 86 5 116
SP 281 87 9 999
EP 30 88 8 233 4
SP 29 89 1 444
EP 591 90 6 314 5
SP 243 91 7 550
NP 112 92 5 139
NP 96 93 2 248
EP 48 94 2 509 2
EP 193 95 3 459 1
EP 890 96 6 993 3
EP 114 97 10 405 3
SP 650 98 3 968
SP 437 99 4 908
NP 513 100 8 312
EP 216 101 2 552 2
SP 757 102 3 202
SP 160 103 5 550
SP 770 104 2 476
NP 158 105 8 834
EP 302 106 10 996 5
SP 129 107 1 946
NP 621 108 8 219
SP 537 109 6 680
NP 862 110 4 992
NP 714 111 4 702
SP 780 112 7 874
SP 347 113 6 811
NP 69 114 9 860
EP 76 115 10 701 1
NP 500 116 1 915
SP 654 117 2 238
EP 22 118 3 507 5
EP 319 119 1 229 1
NP 176 120 7 995
NP 201 121 1 415
NP 93 122 9 579
SP 136 123 1 137
SP 200 124 1 775
NP 820 125 5 343
EP 820 126 1 682 1
EP 103 127 8 561 2
NP 874 128 4 373
SP 122 129 6 162
EP 16 130 6 421 5
NP 439 131 9 326
SP 768 132 5 139
EP 4 133 6 747 3
NP 705 134 1 494
SP 523 135 1 685
SP 131 136 8 973
SP 132 137 9 935
EP 532 138 1 456 2
NP 158 139 2 137
NP 947 140 2 581
SP 375 141 10 631
NP 278 142 1 286
NP 436 143 1 139
NP 282 144 7 455
EP 933 145 6 289 5
EP 119 146 4 750 2
SP 951 147 5 898
EP 939 148 3 297 4
NP 123 149 1 599
SP 298 150 10 224
EP 172 151 2 739 3
SP 479 152 4 288
EP 129 153 5 674 2
NP 291 154 7 359
NP 533 155 3 559
EP 505 156 6 896 1
SP 373 157 6 266
EP 860 158 3 247 3
EP 806 159 1 974 1
EP 109 160 5 600 3
EP 660 161 9 321 2
NP 520 162 6 467
SP 771 163 8 360
NP 209 164 3 454
NP 338 165 6 496
NP 282 166 2 163
SP 15 167 9 188
EP 722 168 2 557 3
EP 554 169 9 494 1
EP 548 170 3 599 2
SP 14 171 1 167
NP 446 172 10 333
SP 63 173 5 511
NP 580 174 10 337
SP 818 175 4 875
NP 443 176 10 647
SP 739 177 3 977
EP 220 178 1 191 4
EP 722 179 2 496 2
NP 607 180 7 387
NP 105 181 8 521
EP 630 182 7 150 2
SP 702 183 2 805
NP 260 184 3 888
NP 517 185 1 652
EP 139 186 1 741 4
SP 464 187 4 688
EP 287 188 6 941 2
SP 901 189 2 479
NP 263 190 10 805
NP 897 191 3 523
NP 450 192 6 566
SP 807 193 4 630
EP 537 194 9 857 1
SP 658 195 2 585
EP 40 196 4 208 5
SP 471 197 9 429
NP 518 198 3 634
EP 356 199 9 960 4
SP 140 200 3 908
EP 148 201 7 819 3
EP 473 202 5 987 4
SP 650 203 9 210
EP 618 204 7 237 3
NP 941 205 5 730
NP 250 206 2 816
EP 765 207 10 770 2
SP 88 208 4 455
EP 13 209 8 873 2
EP 550 210 10 927 2
NP 807 211 8 963
SP 71 212 1 575
EP 856 213 3 863 3
EP 76 214 3 957 4
SP 692 215 9 504
NP 794 216 10 109
EP 116 217 8 727 2
SP 375 218 7 170
EP 729 219 6 354 3
SP 301 220 3 480
NP 271 221 10 716
SP 61 222 8 413
NP 10 223 3 149
NP 329 224 2 363
NP 886 225 9 665
SP 94 226 4 993
EP 404 227 6 261 4
NP 929 228 5 115
NP 343 229 4 875
EP 317 230 3 396 1
SP 381 231 6 164
NP 250 232 9 949
NP 664 233 10 414
EP 278 234 3 273 1
NP 327 235 8 145
EP 699 236 3 573 5
EP 151 237 1 926 5
NP 15 238 10 508
EP 902 239 7 703 4
NP 196 240 3 962
NP 575 241 7 948
NP 830 242 3 802
EP 955 243 1 753 4
EP 25 244 3 990 3
SP 923 245 6 541
EP 830 246 6 628 2
EP 464 247 9 494 2
SP 204 248 3 902
SP 144 249 10 216
SP 824 250 1 715
SP 94 251 3 225
SP 396 252 6 197
EP 82 253 6 156 2
SP 100 254 6 239
SP 312 255 2 383
NP 153 256 5 426
EP 207 257 6 673 3
SP 782 258 5 923
SP 137 259 6 174
EP 335 260 8 807 5
EP 334 261 1 755 2
EP 520 262 7 255 4
EP 157 263 8 598 5
EP 2 264 8 723 3
SP 350 265 9 996
EP 268 266 8 439 1
NP 381 267 8 752
NP 351 268 9 420
NP 618 269 2 749
SP 908 270 2 400
NP 256 271 6 617
NP 851 272 3 321
SP 674 273 3 717
NP 205 274 4 474
EP 630 275 8 880 2
NP 296 276 8 908
NP 90 277 5 157
NP 678 278 4 668
EP 723 279 1 823 1
NP 366 280 10 537
NP 954 281 1 738
SP 48 282 7 727
EP 793 283 8 796 3
NP 159 284 10 613
NP 703 285 2 643
SP 350 286 9 974
NP 802 287 2 777
EP 68 288 7 685 2
NP 898 289 8 720
NP 457 290 7 146
EP 590 291 8 787 1
EP 86 292 7 220 4
EP 202 293 4 878 3
EP 712 294 7 403 3
SP 344 295 2 287
EP 159 296 3 491 3
SP 5 297 8 672
SP 531 298 2 985
EP 863 299 2 276 4
EP 26 300 3 788 2
SP 655 301 7 631
NP 474 302 1 999
NP 835 303 8 513
NP 257 304 5 911
NP 847 305 4 945
SP 508 306 10 401
SP 417 307 4 790
NP 859 308 2 867
NP 259 309 3 205
SP 776 310 5 296
EP 839 311 5 881 1
EP 541 312 6 313 2
EP 643 313 10 701 3
EP 811 314 9 728 5
EP 875 315 7 296 2
EP 993 316 4 128 3
EP 767 317 3 669 1
SP 422 318 6 889
NP 638 319 4 487
NP 188 320 6 434
NP 348 321 9 147
EP 139 322 10 166 4
SP 101 323 4 717
EP 461 324 8 151 5
SP 575 325 2 771
NP 481 326 7 368
NP 282 327 5 645
SP 477 328 10 506
EP 303 329 8 118 3
NP 955 330 6 444
NP 593 331 4 487
EP 543 332 6 550 4
EP 69 333 10 713 4
EP 615 334 1 216 5
SP 770 335 1 441
SP 918 336 10 280
SP 819 337 6 889
SP 340 338 3 119
EP 603 339 6 540 1
EP 219 340 1 668 1
SP 954 341 6 839
SP 64 342 5 369
SP 239 343 10 530
SP 457 344 8 440
EP 842 345 6 911 1
SP 19 346 5 411
SP 526 347 5 390
EP 635 348 5 821 2
NP 159 349 3 829
EP 461 350 7 377 3
NP 7 351 9 840
NP 302 352 8 541
NP 81 353 2 123
NP 81 354 9 726
NP 786 355 6 620
NP 959 356 4 368
NP 404 357 10 398
EP 417 358 10 879 4
EP 530 359 10 614 5
EP 657 360 2 682 5
NP 942 361 3 883
SP 706 362 10 575
SP 302 363 6 884
NP 53 364 10 842
SP 117 365 8 312
EP 528 366 1 107 4
SP 815 367 1 514
EP 578 368 7 238 2
NP 276 369 4 913
SP 920 370 1 630
SP 404 371 6 598
EP 396 372 4 160 3
NP 521 373 7 107
EP 951 374 8 814 4
SP 408 375 4 986
EP 211 376 5 500 3
NP 478 377 8 631
EP 232 378 6 422 2
NP 32 379 5 455
EP 98 380 6 638 5
SP 97 381 2 1000
NP 295 382 8 735
NP 361 383 7 219
SP 56 384 3 578
EP 823 385 10 678 4
SP 744 386 7 825
SP 420 387 10 896
EP 565 388 9 147 2
SP 901 389 8 223
SP 475 390 2 112
SP 175 391 7 377
SP 645 392 9 856
NP 104 393 1 212
SP 176 394 2 347
EP 668 395 9 243 2
NP 277 396 4 972
SP 991 397 10 165
SP 130 398 4 496
SP 859 399 1 765
NP 196 400 3 971
NP 882 401 6 234
NP 549 402 4 332
SP 222 403 1 616
SP 663 404 8 963
SP 167 405 10 121
NP 448 406 4 981
EP 890 407 8 811 3
EP 896 408 8 108 5
SP 995 409 3 939
NP 131 410 8 702
NP 717 411 3 400
SP 212 412 4 622
NP 562 413 3 117
NP 313 414 3 321
EP 813 415 7 244 2
NP 250 416 9 243
EP 54 417 8 184 2
EP 23 418 8 316 1
EP 160 419 1 398 3
NP 373 420 10 692
SP 444 421 2 575
SP 539 422 6 110
SP 404 423 9 213
NP 837 424 10 391
SP 872 425 5 263
NP 822 426 2 900
EP 261 427 2 607 2
EP 557 428 8 482 3
EP 432 429 2 121 1
SP 838 430 3 764
EP 25 431 7 839 3
EP 931 432 9 843 2
EP 36 433 4 461 3
NP 323 434 10 470
SP 943 435 1 996
NP 470 436 4 901
EP 882 437 8 396 2
NP 481 438 8 365
EP 928 439 6 172 5
EP 254 440 9 502 1
SP 52 441 2 583
SP 494 442 3 621
SP 754 443 7 262
NP 211 444 8 293
NP 336 445 5 206
EP 597 446 4 965 3
EP 154 447 5 415 4
EP 829 448 7 157 1
NP 209 449 1 325
NP 654 450 8 425
NP 375 451 8 364
NP 932 452 2 229
SP 385 453 1 355
NP 729 454 1 866
NP 69 455 7 240
NP 899 456 10 453
NP 668 457 2 866
SP 825 458 2 998
SP 2 459 10 786
EP 161 460 5 338 1
SP 933 461 7 420
NP 574 462 6 347
SP 575 463 1 597
SP 534 464 1 175
EP 177 465 10 572 2
SP 236 466 2 525
EP 975 467 5 860 1
SP 790 468 5 164
NP 15 469 8 920
SP 476 470 4 921
SP 262 471 5 307
SP 942 472 7 470
SP 362 473 5 570
EP 941 474 1 974 4
SP 51 475 1 659
NP 724 476 7 345
NP 559 477 7 535
EP 292 478 7 741 4
NP 453 479 4 567
SP 255 480 2 173
SP 201 481 8 501
EP 227 482 3 202 5
SP 105 483 2 341
EP 905 484 3 632 1
NP 774 485 7 910
EP 309 486 6 765 3
SP 124 487 3 544
NP 24 488 2 416
SP 671 489 9 521
NP 354 490 6 960
NP 491 491 5 517
EP 988 492 2 808 4
EP 193 493 9 440 2
EP 176 494 10 870 4
NP 44 495 4 258
NP 389 496 6 183
NP 513 497 6 684
SP 825 498 4 1000
NP 547 499 6 455
EP 818 500 7 730 3
NP 248 501 4 596
NP 374 502 8 811
NP 868 503 4 825
EP 255 504 10 833 3
EP 698 505 5 155 2
EP 759 506 3 537 1
NP 192 507 5 142
NP 71 508 9 179
EP 313 509 6 903 2
NP 639 510 8 685
EP 959 511 7 665 5
EP 387 512 2 803 3
NP 513 513 10 284
EP 569 514 4 912 5
SP 560 515 4 144
NP 106 516 3 259
EP 22 517 2 843 2
NP 536 518 1 166
EP 33 519 5 949 2
NP 995 520 8 543
NP 839 521 9 958
NP 684 522 3 286
EP 863 523 9 546 1
NP 519 524 8 850
NP 380 525 3 965
NP 834 526 9 777
SP 318 527 3 912
NP 263 528 6 797
EP 669 529 4 743 3
EP 903 530 8 453 2
NP 659 531 1 333
SP 258 532 8 595
NP 927 533 1 839
SP 623 534 8 763
SP 560 535 10 726
EP 401 536 4 125 5
EP 617 537 6 354 1
EP 557 538 1 729 4
SP 30 539 5 650
EP 433 540 1 200 4
NP 271 541 8 338
SP 499 542 6 374
NP 184 543 9 886
SP 288 544 10 494
EP 654 545 2 827 1
NP 965 546 8 688
SP 835 547 5 217
EP 458 548 1 978 1
NP 559 549 1 173
NP 945 550 6 108
NP 111 551 2 519
SP 801 552 1 692
SP 272 553 1 515
SP 166 554 2 748
EP 124 555 3 494 2
SP 342 556 8 215
EP 974 557 7 147 4
SP 137 558 1 629
NP 483 559 10 330
NP 985 560 3 710
NP 425 561 5 983
SP 399 562 7 784
SP 211 563 4 589
NP 174 564 1 325
EP 225 565 7 982 1
EP 957 566 2 114 5
EP 481 567 6 852 2
SP 592 568 7 414
SP 576 569 8 270
EP 547 570 8 102 1
EP 421 571 4 831 4
NP 558 572 10 237
NP 666 573 2 134
NP 51 574 9 708
EP 84 575 9 375 4
SP 113 576 6 882
EP 809 577 5 110 2
NP 191 578 7 643
NP 390 579 7 337
EP 880 580 1 591 5
EP 163 581 1 940 5
NP 233 582 1 983
NP 717 583 3 755
EP 842 584 8 443 5
EP 101 585 6 798 4
NP 658 586 7 662
SP 807 587 9 875
NP 780 588 8 525
NP 503 589 10 426
NP 133 590 1 488
SP 64 591 8 795
EP 1 592 6 640 1
NP 377 593 2 952
SP 38 594 10 377
EP 384 595 8 459 1
NP 948 596 4 461
SP 293 597 4 335
SP 325 598 3 242
SP 594 599 6 413
SP 957 600 2 402
EP 550 601 7 485 2
NP 549 602 6 166
EP 496 603 6 890 2
NP 401 604 9 661
NP 904 605 9 274
SP 41 606 4 454
NP 98 607 1 160
EP 154 608 9 911 5
SP 321 609 7 627
SP 202 610 2 212
SP 226 611 9 409
SP 344 612 6 304
EP 853 613 6 443 1
NP 340 614 8 277
SP 931 615 6 596
SP 852 616 10 599
NP 458 617 3 385
NP 709 618 7 106
NP 835 619 8 214
EP 964 620 2 521 5
NP 349 621 5 243
SP 703 622 8 277
NP 366 623 9 248
EP 459 624 9 596 5
NP 698 625 9 864
EP 780 626 7 389 4
NP 249 627 7 215
EP 308 628 7 746 4
SP 854 629 7 983
SP 726 630 9 835
NP 201 631 8 891
NP 51 632 6 869
SP 978 633 8 313
SP 926 634 2 971
NP 352 635 7 560
SP 740 636 10 804
SP 69 637 6 409
SP 448 638 6 406
SP 763 639 1 881
SP 609 640 6 622
EP 82 641 1 902 4
EP 498 642 5 604 2
SP 95 643 3 130
NP 462 644 7 402
SP 234 645 2 371
NP 655 646 10 598
SP 389 647 2 804
NP 499 648 9 449
EP 88 649 4 644 3
EP 113 650 2 849 3
EP 539 651 4 574 4
SP 994 652 3 670
SP 635 653 9 184
NP 838 654 5 947
SP 58 655 2 681
EP 511 656 1 819 3
NP 473 657 5 676
EP 549 658 9 976 1
EP 456 659 2 598 4
SP 779 660 9 518
EP 897 661 9 692 3
SP 928 662 9 522
SP 744 663 10 713
SP 97 664 1 327
NP 233 665 5 632
NP 463 666 5 111
EP 207 667 2 334 4
SP 337 668 2 767
EP 721 669 4 739 3
SP 703 670 10 667
SP 225 671 9 932
SP 524 672 5 216
NP 193 673 1 608
SP 228 674 5 125
NP 659 675 7 681
SP 435 676 6 377
NP 443 677 2 849
SP 381 678 7 547
NP 600 679 4 507
SP 986 680 2 113
EP 857 681 7 120 1
EP 379 682 8 163 1
SP 495 683 7 555
EP 106 684 2 152 2
NP 924 685 2 440
EP 724 686 7 204 4
SP 572 687 6 322
SP 453 688 2 433
NP 636 689 7 551
NP 957 690 7 288
SP 254 691 6 528
NP 444 692 3 649
EP 77 693 9 386 3
SP 45 694 4 847
NP 333 695 5 163
NP 248 696 8 592
NP 636 697 9 889
SP 438 698 8 208
NP 668 699 8 986
SP 669 700 1 645
EP 636 701 6 753 5
NP 993 702 2 572
EP 703 703 9 229 1
EP 59 704 8 704 5
EP 141 705 5 337 2
SP 21 706 9 695
NP 84 707 3 677
EP 6 708 6 975 4
EP 948 709 3 505 5
EP 216 710 2 844 1
NP 6 711 2 435
SP 864 712 6 1000
NP 891 713 3 598
NP 688 714 5 185
EP 468 715 3 448 2
SP 734 716 5 438
EP 254 717 10 903 4
NP 284 718 9 116
EP 824 719 6 903 4
NP 199 720 7 373
SP 38 721 2 399
SP 880 722 1 272
NP 774 723 1 446
SP 574 724 3 100
SP 956 725 3 777
SP 272 726 5 922
EP 474 727 6 623 4
NP 200 728 9 296
SP 420 729 6 349
EP 948 730 9 695 2
SP 212 731 10 159
SP 302 732 7 726
NP 610 733 1 271
NP 963 734 2 748
NP 887 735 8 528
EP 111 736 4 663 4
EP 8 737 6 296 1
SP 194 738 2 867
SP 811 739 4 351
SP 751 740 4 430
SP 153 741 10 767
NP 562 742 9 407
SP 562 743 10 737
EP 739 744 2 556 4
SP 301 745 4 977
SP 980 746 1 278
EP 73 747 8 717 4
EP 83 748 9 370 5
SP 107 749 9 911
NP 40 750 3 219
EP 101 751 9 766 4
EP 457 752 3 703 1
EP 919 753 8 330 4
NP 320 754 6 548
SP 884 755 3 253
EP 675 756 8 285 5
EP 982 757 7 325 1
SP 447 758 6 884
EP 884 759 1 204 5
EP 176 760 1 879 5
EP 38 761 4 166 5
SP 573 762 2 172
EP 626 763 10 237 2
NP 183 764 2 998
NP 344 765 8 421
SP 39 766 8 318
EP 536 767 6 522 1
SP 899 768 5 229
EP 43 769 3 433 3
EP 289 770 5 845 5
EP 688 771 9 966 1
NP 99 772 10 483
EP 944 773 9 178 5
NP 457 774 3 665
SP 929 775 1 780
EP 666 776 1 952 4
SP 254 777 1 713
NP 893 778 6 723
NP 400 779 4 639
EP 918 780 2 630 1
NP 752 781 7 873
SP 760 782 6 692
NP 528 783 1 398
SP 970 784 7 548
SP 164 785 1 823
EP 165 786 9 720 2
NP 510 787 5 117
NP 293 788 10 364
NP 472 789 5 683
NP 843 790 1 894
EP 695 791 3 811 4
NP 857 792 6 688
SP 673 793 3 191
SP 973 794 4 353
SP 858 795 6 266
SP 787 796 6 536
EP 499 797 4 298 5
EP 865 798 4 783 1
EP 811 799 3 999 3
NP 465 800 3 493
NP 551 801 7 944
SP 821 802 5 852
SP 618 803 10 793
EP 772 804 2 106 5
SP 27 805 8 144
EP 663 806 6 878 1
EP 966 807 6 938 5
NP 520 808 7 611
EP 332 809 7 232 4
NP 714 810 7 198
EP 965 811 2 546 2
SP 416 812 1 169
NP 701 813 2 396
EP 473 814 5 777 1
NP 643 815 8 924
SP 425 816 1 838
SP 623 817 8 553
SP 877 818 7 810
EP 710 819 3 348 3
EP 802 820 5 790 2
NP 28 821 1 630
NP 862 822 8 995
SP 355 823 10 884
NP 91 824 4 828
NP 510 825 9 869
EP 289 826 6 794 3
SP 220 827 2 528
EP 962 828 9 244 5
SP 580 829 2 664
EP 919 830 8 674 4
NP 155 831 3 314
EP 627 832 9 837 2
EP 778 833 8 198 1
SP 442 834 9 850
SP 483 835 2 486
EP 600 836 4 324 5
SP 180 837 4 806
EP 774 838 6 277 3
EP 445 839 1 362 4
NP 449 840 8 826
NP 655 841 10 269
EP 684 842 6 354 1
EP 905 843 2 729 1
EP 733 844 9 622 4
EP 163 845 1 480 3
NP 870 846 7 116
EP 399 847 10 664 3
NP 949 848 2 577
SP 648 849 4 182
EP 308 850 2 133 5
EP 397 851 4 539 1
EP 962 852 2 648 2
EP 631 853 9 825 4
SP 557 854 3 909
EP 853 855 9 344 5
EP 738 856 4 518 5
EP 543 857 4 848 5
NP 558 858 9 247
SP 695 859 1 447
SP 99 860 10 786
SP 520 861 4 397
SP 391 862 7 878
EP 888 863 10 780 2
NP 872 864 7 259
NP 446 865 1 698
NP 237 866 2 261
NP 918 867 1 203
NP 542 868 10 353
NP 653 869 2 400
NP 775 870 3 276
EP 451 871 7 472 1
NP 147 872 5 503
NP 937 873 9 278
NP 751 874 6 991
EP 194 875 3 525 1
SP 296 876 2 319
NP 201 877 1 873
NP 591 878 4 338
NP 47 879 6 126
EP 351 880 2 387 3
SP 868 881 10 799
NP 629 882 1 365
EP 66 883 2 541 4
EP 839 884 10 313 2
NP 402 885 5 185
SP 575 886 5 650
EP 910 887 10 949 1
SP 868 888 5 350
EP 363 889 6 598 5
SP 541 890 8 629
SP 7 891 10 969
NP 208 892 9 997
EP 985 893 9 434 2
SP 798 894 4 875
EP 262 895 2 698 1
NP 907 896 6 755
SP 221 897 1 158
NP 774 898 9 959
EP 481 899 5 416 2
NP 629 900 10 671
SP 444 901 8 864
EP 884 902 7 933 1
SP 929 903 2 550
EP 495 904 5 840 5
SP 857 905 1 265
NP 923 906 1 496
SP 321 907 3 616
SP 874 908 8 641
EP 141 909 6 910 2
SP 657 910 4 909
SP 27 911 2 613
NP 226 912 4 146
SP 937 913 4 391
EP 579 914 9 910 5
NP 204 915 8 587
NP 340 916 9 686
EP 626 917 4 673 3
EP 726 918 4 764 3
SP 474 919 8 781
NP 19 920 2 509
SP 619 921 10 593
SP 432 922 8 828
EP 3 923 4 439 4
NP 88 924 2 445
SP 889 925 3 955
SP 643 926 10 594
EP 363 927 10 434 4
SP 232 928 8 635
EP 645 929 10 290 4
NP 489 930 8 563
SP 331 931 10 689
SP 379 932 1 245
EP 611 933 10 554 3
EP 212 934 9 471 5
EP 628 935 6 154 5
NP 94 936 8 977
NP 125 937 9 938
SP 476 938 6 707
NP 101 939 4 808
NP 898 940 7 861
NP 967 941 8 864
NP 360 942 9 251
SP 956 943 9 716
EP 654 944 4 129 4
EP 914 945 9 837 1
NP 237 946 1 639
NP 281 947 4 958
NP 59 948 1 888
NP 558 949 1 151
SP 394 950 10 910
EP 2 951 10 989 5
NP 56 952 7 227
SP 727 953 4 977
EP 175 954 5 773 2
NP 372 955 5 375
EP 291 956 1 816 3
NP 844 957 1 182
NP 826 958 6 168
NP 129 959 2 872
SP 312 960 8 463
SP 359 961 9 105
SP 713 962 9 944
NP 641 963 2 606
NP 381 964 6 693
SP 75 965 9 351
NP 922 966 7 990
SP 97 967 5 186
SP 879 968 2 766
NP 537 969 8 763
EP 844 970 4 965 2
EP 780 971 6 518 3
EP 684 972 10 628 4
NP 274 973 8 751
SP 809 974 2 910
SP 298 975 2 109
EP 753 976 7 392 5
EP 17 977 2 365 4
EP 433 978 1 580 3
EP 876 979 4 544 4
NP 191 980 4 1000
SP 291 981 1 745
SP 594 982 4 855
EP 556 983 4 490 5
NP 926 984 3 833
SP 1 985 4 436
NP 968 986 5 200
EP 664 987 7 997 2
SP 645 988 10 892
NP 373 989 8 899
SP 792 990 5 929
EP 456 991 7 829 2
SP 144 992 9 770
EP 272 993 10 342 3
SP 792 994 1 497
NP 96 995 7 774
NP 943 996 8 603
EP 813 997 1 994 2
EP 36 998 2 204 3
NP 730 999 9 302
NP 296 1000 4 705
NP 471 1001 7 162
EP 875 1002 1 617 4
NP 444 1003 2 573
NP 901 1004 3 215
EP 325 1005 10 518 2
SP 943 1006 9 741
EP 647 1007 4 843 3
EP 74 1008 6 546 1
EP 764 1009 1 844 5
NP 310 1010 7 792
SP 742 1011 8 165
SP 133 1012 3 338
EP 235 1013 5 661 4
NP 417 1014 8 906
SP 400 1015 3 458
SP 345 1016 2 612
SP 320 1017 9 717
SP 424 1018 6 124
NP 82 1019 7 647
SP 984 1020 3 501
SP 305 1021 2 116
NP 146 1022 3 495
EP 73 1023 1 909 4
NP 634 1024 3 897
EP 783 1025 5 666 3
EP 684 1026 9 957 3
NP 163 1027 7 971
NP 778 1028 5 249
NP 747 1029 8 382
EP 985 1030 10 434 4
SP 254 1031 7 295
NP 539 1032 2 681
EP 251 1033 9 729 5
SP 441 1034 5 114
NP 72 1035 2 916
SP 902 1036 6 914
NP 474 1037 1 784
EP 86 1038 3 221 3
NP 983 1039 1 628
SP 360 1040 6 591
EP 944 1041 7 709 3
NP 304 1042 8 556
SP 325 1043 4 745
SP 225 1044 6 904
SP 567 1045 6 647
EP 568 1046 10 995 4
EP 235 1047 6 934 4
EP 947 1048 8 390 3
NP 902 1049 5 392
NP 590 1050 2 191
EP 476 1051 8 178 3
NP 938 1052 1 270
SP 81 1053 9 115
EP 803 1054 8 933 4
SP 209 1055 10 631
SP 99 1056 8 752
SP 598 1057 8 822
NP 730 1058 3 588
EP 708 1059 6 383 1
NP 219 1060 9 562
NP 118 1061 1 638
SP 790 1062 2 798
EP 265 1063 8 782 5
EP 236 1064 1 530 1
NP 1 1065 6 963
NP 322 1066 3 557
SP 736 1067 5 715
NP 90 1068 2 551
SP 82 1069 3 457
EP 183 1070 8 230 4
SP 713 1071 5 952
SP 49 1072 9 981
EP 405 1073 6 660 2
NP 551 1074 8 154
EP 799 1075 7 918 5
NP 658 1076 4 134
NP 816 1077 1 457
EP 443 1078 7 812 2
EP 207 1079 5 648 3
NP 600 1080 7 822
SP 749 1081 1 870
NP 740 1082 2 240
NP 118 1083 8 511
SP 607 1084 5 364
EP 464 1085 5 967 2
NP 496 1086 9 776
EP 840 1087 3 249 5
SP 320 1088 10 745
SP 360 1089 6 274
SP 836 1090 2 522
SP 954 1091 7 675
EP 332 1092 2 772 2
SP 373 1093 3 986
EP 574 1094 6 443 3
EP 716 1095 5 107 4
NP 516 1096 2 875
EP 501 1097 6 126 4
NP 72 1098 8 512
EP 60 1099 4 377 4
SP 328 1100 10 463
SP 503 1101 5 836
EP 836 1102 9 631 3
NP 357 1103 4 425
NP 804 1104 7 230
SP 453 1105 9 274
SP 820 1106 2 394
NP 403 1107 4 469
EP 413 1108 3 267 4
SP 440 1109 2 266
NP 43 1110 7 872
SP 392 1111 4 721
EP 565 1112 8 240 3
SP 884 1113 7 484
SP 498 1114 8 292
EP 868 1115 4 912 4
NP 527 1116 10 285
NP 424 1117 4 788
EP 993 1118 4 301 5
NP 534 1119 1 498
EP 424 1120 2 715 3
NP 113 1121 10 120
SP 333 1122 7 562
SP 212 1123 2 675
SP 952 1124 2 625
SP 144 1125 6 931
SP 751 1126 8 607
SP 726 1127 4 955
EP 404 1128 3 231 4
SP 897 1129 3 424
EP 979 1130 1 841 4
SP 644 1131 6 210
SP 390 1132 6 849
SP 499 1133 9 150
SP 856 1134 3 805
EP 145 1135 3 525 4
SP 270 1136 4 275
EP 158 1137 9 275 5
SP 890 1138 7 122
EP 783 1139 6 196 1
NP 358 1140 9 562
EP 682 1141 6 703 2
EP 817 1142 7 300 2
NP 484 1143 1 216
EP 983 1144 8 913 2
EP 139 1145 6 177 1
NP 210 1146 2 385
EP 891 1147 4 566 4
NP 452 1148 4 944
SP 199 1149 1 632
NP 892 1150 1 900
NP 851 1151 5 308
NP 114 1152 2 985
NP 599 1153 4 786
SP 45 1154 5 401
NP 20 1155 4 403
NP 283 1156 2 780
EP 695 1157 7 207 2
NP 966 1158 7 415
EP 254 1159 1 401 4
SP 769 1160 7 415
NP 322 1161 5 426
NP 344 1162 2 888
EP 969 1163 3 978 1
NP 866 1164 2 237
SP 382 1165 9 328
SP 614 1166 7 896
SP 191 1167 10 624
SP 491 1168 7 714
SP 951 1169 6 207
EP 893 1170 1 742 3
NP 178 1171 3 221
EP 58 1172 6 244 5
NP 940 1173 3 144
SP 729 1174 3 352
SP 970 1175 1 168
SP 778 1176 1 343
EP 291 1177 7 887 4
EP 71 1178 7 540 5
NP 65 1179 9 824
SP 408 1180 7 797
SP 248 1181 8 281
EP 141 1182 9 914 1
NP 838 1183 3 711
SP 516 1184 5 548
SP 170 1185 2 911
SP 726 1186 6 643
EP 350 1187 10 210 2
EP 760 1188 3 275 4
NP 922 1189 9 680
SP 310 1190 3 468
NP 844 1191 1 647
NP 657 1192 2 245
EP 761 1193 7 388 4
NP 971 1194 3 750
EP 185 1195 5 381 1
SP 760 1196 8 266
NP 878 1197 10 159
SP 491 1198 1 868
EP 459 1199 6 591 2
SP 208 1200 9 462
SP 691 1201 4 891
EP 306 1202 2 701 5
NP 948 1203 9 598
SP 201 1204 8 304
NP 896 1205 3 508
EP 312 1206 8 546 4
EP 858 1207 5 984 1
EP 671 1208 10 936 4
SP 138 1209 10 844
SP 109 1210 5 892
EP 739 1211 10 636 1
EP 217 1212 6 827 1
EP 465 1213 10 605 1
NP 637 1214 4 391
SP 401 1215 9 199
EP 970 1216 4 236 1
NP 460 1217 6 166
NP 598 1218 4 962
EP 698 1219 8 347 5
EP 1 1220 10 415 2
NP 638 1221 3 843
EP 68 1222 8 160 3
NP 973 1223 3 518
NP 867 1224 3 784
EP 321 1225 10 531 3
NP 288 1226 6 627
SP 878 1227 7 897
SP 690 1228 10 981
EP 440 1229 2 661 1
EP 559 1230 8 564 1
NP 38 1231 8 456
EP 735 1232 5 727 5
SP 165 1233 8 473
NP 961 1234 10 323
NP 576 1235 1 961
SP 917 1236 2 636
EP 979 1237 8 575 3
EP 424 1238 2 365 4
NP 770 1239 6 489
SP 731 1240 2 781
EP 759 1241 4 400 4
SP 532 1242 8 290
EP 561 1243 1 588 3
SP 277 1244 5 752
NP 151 1245 3 288
EP 968 1246 1 914 3
SP 220 1247 5 442
EP 786 1248 10 335 5
SP 662 1249 2 712
NP 174 1250 4 424
EP 839 1251 1 372 5
NP 507 1252 4 961
SP 704 1253 5 433
SP 760 1254 2 521
EP 465 1255 5 111 4
EP 930 1256 7 265 3
NP 214 1257 6 734
NP 63 1258 8 930
SP 958 1259 10 528
SP 596 1260 9 764
NP 385 1261 2 135
SP 238 1262 10 181
SP 329 1263 7 237
EP 996 1264 9 921 5
NP 359 1265 2 735
SP 5 1266 6 899
SP 668 1267 5 357
SP 856 1268 8 172
EP 184 1269 8 306 1
NP 469 1270 8 700
SP 708 1271 3 636
NP 636 1272 4 944
NP 179 1273 9 913
NP 445 1274 5 724
EP 468 1275 2 478 5
EP 254 1276 10 275 3
EP 34 1277 7 132 1
NP 78 1278 7 749
NP 240 1279 10 907
NP 650 1280 3 955
NP 338 1281 5 680
NP 183 1282 8 355
SP 501 1283 5 780
NP 976 1284 5 479
EP 526 1285 9 805 1
EP 119 1286 7 270 1
EP 337 1287 8 573 1
SP 139 1288 3 852
EP 763 1289 5 882 4
NP 90 1290 5 647
NP 104 1291 5 725
NP 71 1292 4 769
SP 345 1293 3 333
SP 782 1294 1 927
NP 404 1295 8 923
SP 706 1296 7 798
SP 534 1297 9 954
SP 60 1298 3 790
NP 896 1299 5 423
EP 251 1300 7 194 2
SP 471 1301 6 599
EP 365 1302 1 217 5
EP 140 1303 8 206 4
SP 170 1304 4 366
SP 276 1305 7 918
EP 456 1306 9 930 3
SP 200 1307 4 997
EP 442 1308 6 684 5
SP 148 1309 6 861
NP 837 1310 10 879
NP 826 1311 9 969
SP 880 1312 5 387
SP 954 1313 7 507
EP 420 1314 7 483 1
EP 105 1315 7 379 1
EP 285 1316 1 579 2
SP 215 1317 8 885
EP 248 1318 5 545 5
EP 515 1319 9 931 1
EP 362 1320 9 618 3
SP 320 1321 6 168
SP 369 1322 5 556
NP 781 1323 8 250
SP 200 1324 3 904
EP 838 1325 7 198 1
SP 664 1326 7 913
SP 485 1327 1 324
SP 472 1328 5 214
SP 320 1329 9 658
NP 928 1330 4 745
EP 593 1331 1 454 1
SP 210 1332 8 691
NP 717 1333 1 497
SP 863 1334 4 336
SP 563 1335 6 233
NP 354 1336 5 333
SP 306 1337 7 106
SP 911 1338 9 662
SP 672 1339 2 703
EP 484 1340 7 347 4
EP 762 1341 8 871 1
NP 232 1342 5 461
EP 687 1343 9 901 2
SP 691 1344 8 543
SP 43 1345 4 856
SP 422 1346 9 119
SP 509 1347 7 103
SP 70 1348 7 854
NP 313 1349 7 478
NP 1 1350 7 242
EP 770 1351 5 399 5
NP 91 1352 3 541
NP 535 1353 7 537
SP 648 1354 5 646
EP 43 1355 1 939 4
NP 532 1356 4 440
EP 378 1357 9 594 4
EP 785 1358 2 129 5
NP 884 1359 9 161
SP 384 1360 6 402
SP 461 1361 10 349
EP 615 1362 9 758 2
NP 613 1363 8 653
SP 443 1364 9 524
NP 421 1365 3 555
NP 436 1366 2 708
SP 349 1367 8 712
NP 489 1368 1 360
SP 485 1369 2 852
EP 543 1370 6 321 3
NP 593 1371 8 287
EP 441 1372 9 295 1
EP 920 1373 1 799 5
NP 46 1374 3 141
SP 464 1375 3 859
NP 411 1376 4 665
SP 872 1377 1 522
EP 526 1378 5 187 5
NP 60 1379 10 122
SP 750 1380 8 118
EP 822 1381 8 428 3
EP 758 1382 2 720 2
EP 557 1383 9 387 3
EP 974 1384 10 814 4
EP 849 1385 2 816 3
EP 230 1386 3 399 3
SP 151 1387 8 710
SP 558 1388 9 629
NP 460 1389 8 111
SP 377 1390 6 490
NP 42 1391 9 605
EP 924 1392 10 141 3
SP 513 1393 1 169
SP 719 1394 2 564
NP 773 1395 5 369
EP 871 1396 10 544 4
NP 12 1397 6 647
SP 105 1398 3 448
NP 842 1399 10 679
EP 237 1400 4 929 1
NP 477 1401 3 522
SP 583 1402 5 662
NP 56 1403 3 382
SP 256 1404 10 505
EP 797 1405 8 225 1
SP 842 1406 8 654
NP 720 1407 8 469
SP 96 1408 7 447
NP 632 1409 3 246
SP 200 1410 8 982
NP 27 1411 3 187
SP 25 1412 5 321
SP 242 1413 7 504
SP 491 1414 8 624
NP 153 1415 10 816
EP 797 1416 6 428 2
NP 927 1417 6 868
SP 836 1418 6 949
NP 458 1419 1 749
EP 318 1420 1 653 5
NP 373 1421 9 929
NP 784 1422 1 426
NP 444 1423 3 810
SP 484 1424 7 743
EP 38 1425 3 184 2
EP 518 1426 4 443 1
SP 755 1427 3 885
NP 419 1428 4 751
NP 823 1429 5 258
EP 518 1430 7 121 5
SP 849 1431 4 441
NP 463 1432 4 186
EP 682 1433 10 100 5
SP 502 1434 2 968
EP 251 1435 2 289 5
SP 558 1436 6 878
NP 932 1437 1 147
EP 332 1438 6 959 1
NP 939 1439 9 968
EP 770 1440 5 667 1
EP 305 1441 2 183 5
SP 166 1442 4 136
NP 863 1443 10 472
SP 391 1444 1 268
SP 220 1445 10 665
EP 158 1446 4 714 1
NP 977 1447 5 624
SP 740 1448 8 927
NP 507 1449 9 746
EP 347 1450 10 878 4
NP 530 1451 3 842
EP 56 1452 2 852 3
EP 880 1453 6 745 5
NP 715 1454 5 168
NP 464 1455 8 886
SP 220 1456 3 622
SP 631 1457 7 833
EP 371 1458 7 734 3
SP 383 1459 6 972
NP 653 1460 4 846
SP 127 1461 2 897
NP 645 1462 1 224
EP 322 1463 4 812 5
NP 320 1464 2 393
SP 679 1465 2 355
EP 932 1466 5 470 3
SP 350 1467 1 806
NP 667 1468 4 325
NP 422 1469 3 748
NP 674 1470 6 404
NP 833 1471 3 521
EP 153 1472 5 106 4
NP 914 1473 9 305
SP 246 1474 1 594
EP 846 1475 9 722 1
NP 287 1476 3 253
SP 446 1477 9 335
SP 181 1478 5 515
NP 73 1479 8 245
EP 278 1480 7 892 4
NP 447 1481 2 924
EP 287 1482 6 138 4
NP 914 1483 7 183
NP 91 1484 7 482
EP 722 1485 10 560 5
SP 366 1486 10 613
NP 264 1487 8 960
EP 215 1488 1 592 4
EP 766 1489 9 527 4
EP 302 1490 7 901 2
NP 541 1491 3 953
NP 435 1492 4 900
EP 392 1493 6 836 1
SP 293 1494 3 246
SP 778 1495 3 852
SP 137 1496 6 197
SP 627 1497 6 180
NP 302 1498 6 747
EP 237 1499 3 976 1
EP 447 1500 1 386 5
EP 393 1501 3 684 5
EP 934 1502 6 788 5
SP 5 1503 8 208
SP 292 1504 10 377
NP 41 1505 10 437
EP 361 1506 5 190 4
NP 636 1507 2 215
SP 439 1508 3 434
EP 179 1509 5 469 5
SP 174 1510 2 683
EP 665 1511 8 176 5
EP 28 1512 9 117 4
EP 967 1513 2 670 4
EP 30 1514 5 159 2
NP 672 1515 4 231
SP 892 1516 8 402
SP 546 1517 1 225
NP 432 1518 8 617
SP 25 1519 4 810
SP 190 1520 3 477
NP 334 1521 2 123
SP 147 1522 4 917
SP 263 1523 9 623
EP 155 1524 3 521 1
NP 356 1525 7 155
SP 733 1526 8 717
NP 818 1527 8 316
NP 706 1528 7 323
SP 676 1529 2 912
EP 518 1530 10 610 2
NP 808 1531 5 944
NP 821 1532 7 589
SP 282 1533 3 855
NP 372 1534 5 929
SP 975 1535 6 335
SP 83 1536 10 840
NP 532 1537 6 475
SP 161 1538 2 493
NP 383 1539 5 479
SP 487 1540 4 447
NP 540 1541 9 151
EP 8 1542 1 881 2
NP 946 1543 10 370
SP 459 1544 7 994
EP 434 1545 1 587 1
SP 304 1546 6 440
SP 550 1547 9 728
NP 320 1548 10 965
SP 382 1549 9 526
NP 51 1550 5 692
EP 21 1551 3 912 5
SP 928 1552 8 432
EP 107 1553 5 446 5
SP 983 1554 2 703
NP 630 1555 7 110
SP 809 1556 8 319
SP 4 1557 6 229
SP 811 1558 7 519
EP 555 1559 7 763 1
SP 776 1560 10 277
SP 985 1561 4 462
SP 358 1562 3 712
EP 21 1563 5 245 3
NP 820 1564 10 392
SP 480 1565 10 452
NP 389 1566 6 938
EP 896 1567 8 874 3
EP 718 1568 4 398 4
EP 357 1569 7 308 2
EP 336 1570 1 554 1
NP 442 1571 10 132
SP 344 1572 8 504
NP 631 1573 8 209
SP 157 1574 8 543
EP 431 1575 2 195 2
SP 898 1576 3 648
NP 197 1577 7 837
SP 167 1578 7 301
NP 862 1579 2 418
SP 22 1580 6 982
NP 180 1581 1 862
NP 790 1582 4 746
SP 107 1583 6 615
SP 399 1584 10 277
NP 301 1585 5 962
EP 396 1586 7 347 3
EP 824 1587 9 946 2
NP 51 1588 3 910
EP 680 1589 6 330 3
EP 350 1590 9 965 1
NP 201 1591 7 693
EP 300 1592 2 932 2
EP 946 1593 10 807 5
EP 397 1594 8 942 1
NP 929 1595 8 841
NP 74 1596 9 356
SP 935 1597 5 481
NP 446 1598 2 634
NP 755 1599 2 767
EP 634 1600 8 195 3
NP 993 1601 10 752
NP 506 1602 6 466
SP 747 1603 3 817
NP 893 1604 10 369
EP 125 1605 7 111 5
NP 952 1606 4 975
NP 533 1607 5 805
NP 159 1608 8 380
NP 610 1609 1 332
EP 537 1610 4 739 3
NP 402 1611 8 448
EP 952 1612 8 250 4
NP 507 1613 5 818
NP 851 1614 8 766
SP 307 1615 5 430
NP 737 1616 5 414
NP 254 1617 6 321
SP 562 1618 6 164
EP 309 1619 1 106 5
SP 602 1620 2 799
SP 550 1621 9 763
NP 441 1622 3 906
SP 24 1623 7 857
NP 447 1624 1 518
NP 808 1625 10 414
EP 454 1626 9 820 1
NP 759 1627 6 331
NP 255 1628 5 275
SP 247 1629 6 360
SP 240 1630 8 835
SP 212 1631 10 414
SP 930 1632 2 187
NP 252 1633 9 209
EP 614 1634 10 351 2
SP 846 1635 6 449
EP 50 1636 3 801 5
EP 378 1637 10 621 3
NP 178 1638 3 391
EP 53 1639 9 754 5
NP 386 1640 3 853
SP 790 1641 8 701
NP 568 1642 10 607
SP 433 1643 2 644
EP 155 1644 9 257 2
SP 457 1645 2 249
SP 679 1646 10 606
SP 36 1647 2 967
NP 886 1648 2 130
EP 621 1649 8 510 3
SP 983 1650 6 435
NP 626 1651 4 328
SP 10 1652 1 163
NP 748 1653 5 586
SP 855 1654 10 129
SP 858 1655 8 891
SP 684 1656 7 817
EP 202 1657 9 105 3
NP 525 1658 2 352
SP 106 1659 3 118
NP 667 1660 7 154
SP 285 1661 6 315
EP 712 1662 2 796 1
SP 742 1663 4 795
SP 527 1664 2 763
SP 368 1665 2 436
SP 27 1666 1 913
SP 54 1667 7 712
EP 103 1668 6 233 5
NP 259 1669 5 755
SP 303 1670 10 960
SP 2 1671 4 161
NP 289 1672 1 454
SP 622 1673 5 175
NP 598 1674 1 272
EP 43 1675 6 175 1
SP 965 1676 10 968
EP 331 1677 10 170 3
NP 84 1678 10 245
EP 260 1679 9 267 2
SP 233 1680 1 412
EP 117 1681 10 611 3
EP 661 1682 10 385 5
SP 378 1683 6 678
SP 386 1684 6 934
EP 212 1685 7 159 4
SP 318 1686 10 903
SP 314 1687 3 917
NP 997 1688 7 810
SP 202 1689 5 283
NP 355 1690 7 314
SP 101 1691 2 405
NP 877 1692 7 929
NP 303 1693 3 622
NP 122 1694 10 118
NP 159 1695 2 546
EP 476 1696 10 688 2
SP 462 1697 3 595
EP 999 1698 9 841 2
EP 970 1699 9 874 5
SP 552 1700 2 120
EP 391 1701 7 747 5
EP 997 1702 2 603 2
SP 613 1703 9 500
NP 36 1704 9 205
EP 337 1705 8 863 4
NP 145 1706 9 316
SP 190 1707 3 464
SP 992 1708 10 481
EP 96 1709 4 666 3
EP 986 1710 3 772 4
NP 420 1711 10 544
NP 895 1712 7 762
EP 573 1713 10 101 1
SP 286 1714 5 386
SP 75 1715 8 746
NP 950 1716 4 775
NP 469 1717 8 502
EP 761 1718 1 109 5
NP 518 1719 3 142
EP 421 1720 7 288 3
SP 57 1721 10 664
SP 341 1722 5 476
SP 691 1723 4 228
SP 652 1724 8 148
SP 959 1725 8 793
NP 505 1726 3 875
SP 364 1727 1 125
NP 542 1728 8 959
SP 374 1729 6 799
SP 900 1730 1 904
EP 69 1731 4 278 5
SP 979 1732 4 714
EP 223 1733 2 321 3
SP 685 1734 10 589
NP 944 1735 4 959
EP 515 1736 4 555 3
EP 374 1737 7 465 4
EP 602 1738 9 216 3
EP 261 1739 3 589 1
NP 612 1740 8 449
NP 554 1741 10 806
SP 729 1742 2 274
EP 524 1743 3 172 4
EP 62 1744 6 223 2
SP 992 1745 1 399
NP 337 1746 9 457
EP 33 1747 6 369 1
NP 977 1748 5 347
SP 110 1749 4 994
NP 545 1750 2 465
NP 187 1751 4 791
NP 954 1752 1 125
EP 129 1753 4 690 3
EP 697 1754 1 670 2
EP 729 1755 9 259 3
SP 224 1756 7 417
SP 140 1757 3 576
SP 9 1758 7 953
EP 358 1759 4 443 4
SP 353 1760 5 456
NP 526 1761 10 266
EP 424 1762 1 770 1
EP 154 1763 3 373 3
NP 793 1764 5 524
EP 991 1765 8 509 2
NP 314 1766 8 988
NP 142 1767 1 381
NP 515 1768 3 545
EP 151 1769 2 974 5
EP 735 1770 1 444 5
NP 117 1771 2 924
SP 612 1772 3 820
NP 110 1773 10 868
NP 384 1774 6 346
NP 594 1775 4 390
NP 633 1776 5 519
EP 795 1777 3 315 3
NP 28 1778 9 168
EP 369 1779 6 980 1
EP 187 1780 10 727 5
SP 698 1781 2 213
SP 850 1782 5 824
NP 78 1783 4 578
EP 405 1784 1 731 4
SP 432 1785 1 872
EP 158 1786 10 531 2
NP 55 1787 9 891
SP 200 1788 8 818
NP 297 1789 10 984
NP 995 1790 6 918
SP 307 1791 7 847
NP 430 1792 5 278
NP 313 1793 9 687
SP 498 1794 4 203
SP 388 1795 8 178
EP 407 1796 6 798 5
SP 368 1797 4 668
SP 729 1798 6 761
NP 245 1799 2 629
EP 52 1800 9 909 3
SP 766 1801 1 641
SP 406 1802 10 161
EP 459 1803 2 944 2
SP 119 1804 5 206
EP 829 1805 10 619 2
EP 76 1806 7 562 4
EP 459 1807 10 402 2
SP 422 1808 9 338
EP 178 1809 3 748 4
EP 108 1810 9 670 3
EP 353 1811 7 902 1
SP 862 1812 10 455
NP 718 1813 3 348
SP 552 1814 9 473
NP 650 1815 6 312
EP 511 1816 2 204 1
NP 380 1817 7 953
EP 624 1818 10 175 1
SP 494 1819 8 654
EP 701 1820 2 450 5
EP 163 1821 1 169 1
NP 644 1822 8 770
EP 40 1823 9 532 5
EP 571 1824 6 108 1
SP 712 1825 3 953
EP 464 1826 4 195 5
SP 315 1827 5 990
NP 365 1828 6 849
NP 30 1829 4 944
SP 485 1830 2 189
SP 394 1831 8 935
NP 955 1832 6 290
NP 670 1833 1 660
SP 306 1834 6 961
NP 636 1835 3 274
EP 605 1836 7 467 4
EP 301 1837 6 672 3
EP 104 1838 3 227 2
EP 312 1839 5 940 4
SP 76 1840 10 676
NP 364 1841 6 172
SP 204 1842 4 430
SP 940 1843 1 159
EP 325 1844 10 682 3
NP 911 1845 6 298
NP 507 1846 3 129
NP 542 1847 3 798
NP 690 1848 1 447
EP 157 1849 5 302 3
EP 994 1850 3 708 2
NP 302 1851 5 727
NP 100 1852 1 288
NP 746 1853 6 896
EP 416 1854 10 956 2
EP 413 1855 10 344 4
SP 20 1856 4 265
EP 589 1857 3 987 4
NP 774 1858 5 828
SP 880 1859 3 717
EP 400 1860 2 666 3
NP 226 1861 4 474
NP 244 1862 5 693
SP 24 1863 9 747
SP 202 1864 9 671
SP 639 1865 8 566
EP 697 1866 9 252 5
SP 369 1867 4 108
SP 685 1868 3 127
EP 471 1869 7 888 4
SP 170 1870 2 551
SP 262 1871 2 320
EP 238 1872 4 974 5
EP 458 1873 1 551 3
SP 526 1874 9 265
EP 796 1875 9 842 4
NP 829 1876 7 199
SP 761 1877 6 697
EP 521 1878 10 245 5
SP 253 1879 7 323
NP 269 1880 3 772
EP 787 1881 5 834 3
SP 863 1882 5 515
SP 37 1883 3 184
NP 583 1884 10 741
SP 433 1885 10 176
SP 901 1886 9 764
NP 627 1887 4 807
EP 555 1888 9 671 5
EP 933 1889 8 452 3
NP 898 1890 5 903
EP 204 1891 9 914 4
SP 236 1892 7 609
NP 82 1893 4 917
SP 209 1894 3 734
NP 706 1895 1 785
NP 765 1896 7 647
NP 541 1897 4 981
EP 856 1898 8 783 4
NP 420 1899 6 467
EP 570 1900 2 501 2
EP 759 1901 7 349 1
EP 60 1902 10 597 4
EP 346 1903 1 923 4
EP 577 1904 2 519 4
EP 831 1905 5 801 2
SP 734 1906 5 815
NP 879 1907 10 435
NP 470 1908 10 510
NP 176 1909 3 943
NP 435 1910 7 328
NP 903 1911 6 712
EP 373 1912 5 377 4
EP 941 1913 3 229 3
NP 157 1914 3 842
SP 349 1915 9 466
SP 877 1916 6 347
NP 290 1917 10 331
NP 757 1918 10 610
SP 27 1919 1 179
EP 176 1920 1 519 1
EP 841 1921 6 197 5
NP 598 1922 3 491
EP 264 1923 3 787 4
NP 4 1924 6 381
SP 191 1925 9 100
NP 157 1926 6 297
NP 755 1927 6 978
SP 122 1928 4 435
NP 565 1929 7 387
EP 151 1930 7 777 4
SP 991 1931 7 780
SP 882 1932 9 457
SP 223 1933 10 600
NP 160 1934 8 630
EP 895 1935 10 812 4
SP 792 1936 10 410
EP 723 1937 1 705 5
EP 599 1938 7 923 5
EP 480 1939 7 492 3
NP 134 1940 1 674
SP 960 1941 7 587
EP 96 1942 9 824 4
EP 959 1943 9 316 3
EP 614 1944 8 273 2
SP 958 1945 7 107
NP 983 1946 8 780
EP 403 1947 1 699 4
NP 345 1948 10 582
NP 577 1949 7 249
SP 744 1950 4 519
NP 25 1951 1 295
SP 819 1952 5 774
SP 219 1953 2 631
NP 529 1954 8 989
NP 192 1955 7 471
SP 749 1956 10 219
SP 866 1957 8 354
EP 681 1958 1 399 3
NP 953 1959 5 423
EP 994 1960 8 298 4
NP 32 1961 5 142
SP 867 1962 2 744
EP 144 1963 7 488 3
EP 463 1964 7 994 4
EP 494 1965 1 403 3
NP 204 1966 2 975
NP 460 1967 4 979
NP 72 1968 2 820
SP 611 1969 7 175
EP 974 1970 8 551 1
EP 104 1971 6 273 5
EP 304 1972 8 747 1
SP 96 1973 1 419
SP 375 1974 4 763
NP 109 1975 8 261
SP 137 1976 8 268
NP 516 1977 8 560
EP 378 1978 7 642 3
EP 189 1979 3 304 3
SP 622 1980 10 106
EP 236 1981 4 394 5
EP 678 1982 2 390 1
EP 745 1983 3 846 3
NP 388 1984 9 474
NP 204 1985 3 629
EP 636 1986 6 232 5
SP 507 1987 2 346
NP 760 1988 1 889
NP 564 1989 8 543
NP 625 1990 8 557
EP 841 1991 6 919 4
NP 263 1992 5 989
NP 250 1993 3 239
EP 356 1994 4 145 4
SP 973 1995 3 389
SP 571 1996 4 671
SP 133 1997 3 124
EP 398 1998 3 510 5
SP 418 1999 9 846
NP 630 2000 5 559

0
