10
120 90

0 581 739 796 922 693 556 777 242 335
590 0 989 618 198 838 443 109 385 570
640 393 0 154 686 788 137 967 589 835
408 332 890 0 743 309 235 758 578 804
592 401 868 971 0 564 641 513 728 102
881 277 825 580 161 0 286 844 651 734
956 646 968 409 589 540 0 818 595 775
509 879 497 513 851 629 551 0 712 424
880 361 246 168 752 107 183 861 0 889
647 127 438 236 566 562 945 167 960 0

15 0
28 0
13 0
22 0
28 0
10 0
13 0
10 0
30 0
13 0

1000
SP 194 1 5 286
NP 169 2 3 927
SP 462 3 9 984
NP 738 4 9 771
EP 447 5 4 427 4
SP 701 6 1 132
EP 256 7 4 507 2
NP 988 8 1 965
SP 914 9 8 652
NP 773 10 3 500
EP 657 11 9 184 3
NP 827 12 3 591
EP 55 13 1 418 3
NP 364 14 9 298
NP 787 15 5 100
SP 951 16 4 463
NP 667 17 2 491
EP 817 18 6 824 2
NP 250 19 9 836
EP 530 20 10 193 2
NP 169 21 1 576
SP 832 22 5 948
EP 538 23 8 784 2
SP 967 24 10 614
EP 302 25 3 646 2
NP 815 26 4 969
EP 432 27 10 260 5
SP 700 28 1 877
EP 391 29 5 439 2
NP 821 30 9 962
SP 336 31 5 739
NP 901 32 7 372
SP 41 33 9 618
EP 492 34 10 796 2
NP 728 35 1 545
NP 280 36 10 247
EP 629 37 7 384 2
EP 610 38 8 558 3
NP 120 39 3 503
NP 784 40 5 180
NP 633 41 8 932
SP 566 42 3 302
EP 991 43 7 217 3
EP 938 44 10 197 5
NP 530 45 7 589
EP 333 46 5 983 1
NP 175 47 9 753
NP 905 48 10 687
SP 63 49 2 320
NP 333 50 6 614
EP 289 51 10 981 1
SP 250 52 9 517
NP 383 53 8 402
NP 838 54 10 144
EP 59 55 7 515 4
NP 525 56 1 885
EP 907 57 4 836 5
EP 596 58 3 101 4
SP 410 59 9 426
EP 168 60 9 402 3
EP 851 61 2 704 4
EP 886 62 9 237 5
EP 978 63 8 711 1
SP 746 64 2 741
NP 754 65 10 758
SP 101 66 10 791
SP 951 67 10 560
NP 659 68 2 857
NP 476 69 1 587
NP 342 70 3 163
NP 534 71 2 845
NP 938 72 6 800
EP 32 73 7 876 1
NP 132 74 10 350
EP 603 75 2 660 4
NP 469 76 7 866
NP 193 77 5 737
EP 410 78 2 699 1
NP 723 79 2 237
SP 667 80 6 780
NP 846 81 8 261
NP 354 82 10 244
NP 927 83 1 304
NP 651 84 1 166
EP 659 85 1 426 1
NP 633 86 9 960
EP 48 87 9 533 2
EP 490 88 4 899 2
SP 213 89 9 376
NP 625 90 5 278
NP 110 91 9 268
SP 650 92 8 849
SP 663 93 2 338
NP 688 94 5 345
SP 390 95 5 975
SP 458 96 6 286
EP 788 97 5 251 2
NP 837 98 2 760
NP 871 99 2 193
EP 459 100 8 847 3
SP 64 101 1 420
NP 418 102 1 687
EP 484 103 3 409 1
EP 674 104 8 402 3
EP 509 105 5 551 4
SP 946 106 5 973
EP 219 107 2 482 1
NP 810 108 7 970
NP 803 109 4 360
NP 849 110 10 892
EP 226 111 9 373 3
SP 332 112 9 586
NP 209 113 3 919
EP 382 114 9 128 4
NP 229 115 10 737
EP 201 116 8 105 2
SP 278 117 3 836
NP 513 118 2 315
EP 314 119 7 449 4
SP 682 120 8 799
EP 545 121 4 333 5
EP 433 122 3 143 1
NP 307 123 6 456
NP 190 124 9 746
EP 3 125 10 625 1
SP 757 126 7 171
EP 539 127 8 990 2
SP 409 128 1 578
EP 624 129 1 424 2
NP 912 130 5 926
EP 679 131 1 724 5
EP 699 132 6 772 1
SP 478 133 10 477
SP 573 134 3 397
EP 316 135 1 714 1
EP 591 136 9 985 1
SP 781 137 8 996
NP 190 138 2 126
SP 624 139 10 176
EP 281 140 5 427 2
SP 349 141 9 489
EP 4 142 9 189 2
NP 225 143 5 549
SP 158 144 10 289
EP 474 145 4 729 2
SP 836 146 8 232
SP 360 147 8 344
EP 170 148 3 951 5
NP 936 149 9 714
NP 480 150 3 362
SP 701 151 7 332
EP 692 152 8 125 4
NP 893 153 7 790
NP 526 154 3 832
NP 205 155 6 300
SP 657 156 10 481
NP 146 157 5 594
NP 251 158 7 966
NP 332 159 6 965
EP 757 160 2 118 3
EP 439 161 4 539 3
NP 670 162 8 698
EP 739 163 3 472 1
SP 597 164 5 106
SP 131 165 8 483
EP 942 166 4 302 1
EP 711 167 10 657 4
SP 596 168 10 142
EP 657 169 9 345 2
EP 334 170 5 797 2
NP 717 171 4 428
EP 727 172 5 749 4
EP 189 173 3 664 1
EP 122 174 9 269 5
SP 460 175 10 176
NP 762 176 2 838
NP 340 177 9 697
SP 330 178 5 403
EP 10 179 3 599 4
EP 375 180 2 169 5
NP 341 181 9 503
EP 205 182 4 273 3
EP 66 183 8 444 2
SP 749 184 6 158
NP 886 185 5 206
EP 217 186 4 390 3
EP 93 187 6 749 4
SP 892 188 7 985
NP 314 189 6 706
NP 494 190 3 924
NP 983 191 5 786
SP 767 192 6 691
EP 233 193 9 947 4
NP 807 194 9 468
SP 644 195 1 590
EP 21 196 1 307 3
SP 494 197 9 401
NP 804 198 2 290
NP 157 199 4 966
NP 480 200 4 725
NP 906 201 4 536
NP 4 202 10 247
EP 398 203 5 571 1
NP 604 204 9 107
NP 439 205 6 444
EP 580 206 3 491 1
NP 337 207 10 726
NP 129 208 3 311
EP 505 209 9 795 3
NP 864 210 9 858
SP 50 211 3 190
NP 568 212 7 756
SP 20 213 10 684
SP 563 214 10 524
EP 880 215 5 568 1
EP 142 216 1 263 4
NP 351 217 2 491
EP 190 218 9 293 1
SP 208 219 3 221
NP 390 220 9 475
NP 776 221 7 940
SP 812 222 2 378
EP 867 223 3 474 4
EP 184 224 1 533 2
EP 998 225 1 869 5
EP 730 226 6 264 1
EP 56 227 8 271 3
NP 760 228 3 936
SP 289 229 8 615
EP 413 230 5 258 4
SP 718 231 9 941
NP 699 232 4 953
EP 244 233 7 646 4
EP 866 234 5 644 3
NP 43 235 6 478
NP 435 236 7 243
EP 493 237 5 573 3
NP 832 238 3 665
NP 551 239 9 976
EP 567 240 7 767 2
NP 979 241 4 234
NP 185 242 5 653
NP 826 243 10 740
NP 276 244 4 722
SP 309 245 6 904
NP 616 246 6 745
NP 609 247 6 658
EP 481 248 4 573 4
EP 760 249 9 265 1
NP 771 250 8 845
EP 810 251 6 969 2
NP 995 252 7 318
NP 34 253 3 759
SP 544 254 1 660
SP 162 255 9 374
SP 423 256 5 161
NP 290 257 8 513
SP 893 258 1 114
EP 880 259 5 733 1
SP 796 260 10 945
SP 753 261 1 695
NP 88 262 2 841
SP 288 263 9 322
SP 620 264 3 304
EP 331 265 3 787 1
SP 389 266 5 808
EP 438 267 6 608 2
EP 953 268 5 292 3
SP 955 269 10 690
EP 658 270 1 811 2
EP 827 271 6 516 1
NP 186 272 3 182
EP 176 273 10 551 4
EP 18 274 6 829 2
NP 298 275 9 332
SP 66 276 5 324
EP 299 277 1 773 1
SP 9 278 7 574
SP 267 279 5 331
NP 201 280 10 986
SP 253 281 4 960
NP 209 282 1 416
NP 473 283 7 548
EP 418 284 5 105 3
NP 273 285 3 676
SP 871 286 2 500
SP 215 287 1 402
SP 176 288 3 675
SP 538 289 1 506
EP 952 290 3 865 2
SP 516 291 6 516
EP 123 292 4 812 5
SP 572 293 5 543
EP 407 294 5 195 5
SP 230 295 3 673
SP 674 296 9 872
SP 455 297 3 929
EP 286 298 9 517 3
EP 397 299 2 654 1
EP 878 300 3 341 5
EP 775 301 8 125 3
NP 543 302 10 183
EP 805 303 2 456 1
SP 66 304 7 864
NP 479 305 10 314
SP 539 306 8 763
EP 585 307 4 815 1
SP 494 308 3 170
EP 804 309 10 121 3
EP 422 310 6 738 3
NP 655 311 10 692
SP 686 312 5 127
NP 583 313 10 768
EP 218 314 1 768 2
SP 313 315 10 278
SP 56 316 9 878
NP 641 317 10 348
SP 98 318 8 876
NP 883 319 7 382
NP 646 320 10 389
NP 999 321 6 176
NP 222 322 3 322
NP 571 323 5 574
SP 654 324 6 389
SP 910 325 7 958
SP 54 326 8 877
SP 296 327 10 175
EP 891 328 7 213 1
SP 313 329 5 595
NP 525 330 5 452
NP 273 331 10 519
EP 630 332 9 801 4
EP 633 333 7 798 2
NP 697 334 2 433
SP 408 335 2 144
EP 176 336 1 707 3
EP 447 337 6 946 2
EP 247 338 9 589 4
NP 918 339 6 510
SP 242 340 10 724
NP 225 341 5 663
EP 988 342 5 578 5
EP 719 343 10 671 4
NP 657 344 7 671
EP 924 345 4 900 1
NP 673 346 3 597
EP 777 347 4 806 3
NP 795 348 8 919
NP 579 349 9 403
NP 509 350 6 825
EP 767 351 9 221 2
EP 306 352 8 581 5
SP 94 353 7 474
EP 486 354 1 729 2
SP 162 355 1 756
SP 941 356 1 927
EP 576 357 1 419 1
EP 641 358 6 716 5
SP 756 359 5 148
SP 218 360 3 315
NP 594 361 1 110
EP 710 362 10 358 2
EP 582 363 2 848 2
SP 454 364 1 968
SP 861 365 1 717
SP 124 366 2 322
EP 700 367 4 142 3
EP 64 368 4 677 4
NP 280 369 9 429
SP 358 370 3 310
SP 525 371 6 559
SP 734 372 10 980
EP 21 373 5 426 3
SP 37 374 9 648
NP 996 375 5 986
SP 304 376 3 153
SP 735 377 4 347
EP 802 378 3 790 1
NP 793 379 3 499
EP 484 380 2 721 3
NP 909 381 9 807
SP 948 382 4 550
EP 37 383 7 443 5
NP 472 384 4 777
SP 285 385 3 652
NP 718 386 7 398
SP 774 387 10 544
SP 804 388 1 532
NP 221 389 4 363
EP 741 390 5 335 5
EP 354 391 1 964 3
EP 146 392 3 120 5
EP 564 393 1 828 2
SP 286 394 6 659
SP 766 395 8 875
NP 749 396 6 904
EP 345 397 1 938 2
SP 421 398 4 862
EP 996 399 4 180 4
EP 757 400 6 770 1
NP 900 401 2 342
SP 702 402 9 107
SP 367 403 5 711
NP 58 404 1 758
NP 242 405 2 659
EP 739 406 10 915 2
SP 498 407 6 498
NP 282 408 9 135
SP 49 409 7 147
EP 341 410 3 622 3
SP 838 411 5 244
NP 225 412 7 870
EP 631 413 4 530 3
SP 74 414 2 479
SP 831 415 4 881
NP 416 416 2 398
EP 479 417 9 322 3
NP 332 418 9 241
SP 698 419 7 288
NP 483 420 2 535
SP 73 421 10 768
NP 639 422 5 850
NP 343 423 3 460
SP 206 424 3 826
SP 399 425 2 569
SP 904 426 1 213
SP 610 427 5 311
NP 842 428 3 388
EP 75 429 7 415 2
SP 423 430 8 619
SP 916 431 9 556
SP 827 432 6 307
NP 29 433 8 145
NP 202 434 1 911
NP 370 435 8 286
NP 30 436 4 862
NP 582 437 1 250
EP 580 438 8 337 4
EP 249 439 8 223 5
SP 180 440 9 811
SP 478 441 2 402
EP 57 442 3 645 4
NP 557 443 10 747
EP 912 444 6 478 4
EP 49 445 5 329 4
NP 611 446 4 545
EP 227 447 7 577 4
SP 905 448 2 609
EP 965 449 8 855 1
SP 677 450 3 580
SP 89 451 3 390
SP 299 452 8 838
NP 231 453 9 409
EP 217 454 8 596 4
EP 703 455 8 556 5
SP 277 456 2 639
SP 241 457 5 612
SP 432 458 2 346
EP 813 459 5 739 4
SP 582 460 1 337
EP 800 461 4 212 2
EP 512 462 1 987 1
EP 965 463 1 590 4
SP 819 464 5 743
SP 902 465 4 806
SP 407 466 9 280
NP 156 467 6 591
EP 331 468 2 174 3
EP 246 469 10 551 2
EP 850 470 6 149 3
NP 171 471 5 216
NP 330 472 1 461
EP 718 473 7 589 4
EP 602 474 5 769 4
NP 176 475 6 920
SP 258 476 6 608
NP 841 477 7 346
EP 60 478 9 819 3
SP 642 479 8 586
EP 948 480 1 671 4
NP 807 481 8 908
SP 48 482 7 629
NP 883 483 10 397
EP 70 484 3 680 2
NP 292 485 9 882
NP 612 486 4 315
SP 21 487 4 509
NP 707 488 5 634
EP 393 489 10 605 5
NP 506 490 9 105
EP 342 491 3 624 1
NP 330 492 9 274
SP 1 493 6 639
SP 94 494 5 944
NP 817 495 2 371
EP 568 496 4 994 5
EP 155 497 2 429 2
SP 565 498 6 405
SP 247 499 5 608
NP 914 500 5 838
SP 877 501 8 892
NP 32 502 3 930
EP 401 503 7 882 3
NP 835 504 10 289
EP 567 505 5 845 2
SP 95 506 10 937
EP 521 507 8 882 2
SP 85 508 7 708
NP 90 509 9 818
SP 672 510 1 365
NP 152 511 1 564
EP 706 512 6 925 5
NP 168 513 4 866
SP 416 514 2 202
NP 156 515 1 519
SP 906 516 10 389
NP 343 517 9 277
EP 319 518 1 559 3
SP 496 519 7 675
SP 344 520 8 686
NP 16 521 9 835
EP 79 522 3 656 1
EP 510 523 2 727 4
SP 839 524 3 466
SP 175 525 3 967
NP 819 526 8 558
SP 210 527 8 763
EP 598 528 4 547 4
EP 172 529 8 166 4
EP 317 530 5 965 3
SP 214 531 9 835
NP 537 532 10 686
EP 680 533 2 716 4
EP 694 534 4 627 5
EP 545 535 3 208 1
EP 634 536 3 895 3
SP 521 537 5 111
SP 230 538 10 697
EP 294 539 10 233 3
NP 716 540 7 202
NP 360 541 8 231
NP 599 542 4 182
SP 928 543 7 564
SP 698 544 5 265
SP 838 545 7 731
NP 917 546 9 504
NP 710 547 1 149
NP 955 548 8 341
NP 445 549 6 149
SP 454 550 1 822
SP 184 551 5 413
NP 155 552 4 899
EP 435 553 4 455 5
SP 484 554 10 263
SP 841 555 10 706
EP 72 556 8 913 5
SP 390 557 4 249
EP 562 558 6 950 2
NP 509 559 4 682
EP 723 560 10 341 4
NP 90 561 4 186
EP 86 562 8 614 1
NP 748 563 10 777
EP 270 564 1 365 2
SP 601 565 7 701
EP 181 566 2 486 5
EP 134 567 8 265 1
SP 522 568 6 323
SP 814 569 3 193
NP 984 570 3 987
SP 495 571 6 707
SP 901 572 5 213
EP 158 573 1 932 3
SP 163 574 2 481
EP 213 575 7 479 4
NP 301 576 9 700
EP 7 577 10 962 2
EP 393 578 3 482 5
EP 313 579 4 696 2
SP 829 580 6 382
SP 776 581 8 789
EP 376 582 10 951 5
EP 436 583 8 406 5
EP 686 584 2 552 2
EP 306 585 5 939 2
SP 967 586 2 405
SP 62 587 10 653
EP 526 588 4 356 4
SP 591 589 10 887
SP 998 590 9 738
EP 767 591 10 640 4
EP 777 592 4 352 3
SP 10 593 4 250
EP 20 594 5 279 2
NP 416 595 10 848
SP 634 596 4 117
NP 24 597 9 641
NP 127 598 5 559
NP 59 599 7 339
EP 507 600 9 795 1
EP 942 601 3 979 1
SP 895 602 4 687
SP 117 603 4 541
EP 726 604 4 345 4
NP 262 605 6 365
NP 519 606 4 142
SP 79 607 1 883
NP 707 608 10 766
SP 687 609 3 254
SP 25 610 6 607
NP 643 611 9 382
EP 52 612 4 229 5
EP 967 613 6 357 2
NP 535 614 4 290
SP 506 615 9 534
EP 579 616 4 505 5
NP 493 617 7 591
EP 330 618 10 756 2
SP 620 619 3 681
SP 206 620 2 990
NP 452 621 4 936
SP 890 622 9 473
SP 729 623 9 920
NP 538 624 10 930
NP 98 625 1 464
EP 672 626 2 459 1
EP 573 627 9 829 3
EP 269 628 9 464 2
NP 598 629 8 774
NP 613 630 7 515
EP 674 631 5 395 4
EP 596 632 8 620 3
NP 177 633 6 963
NP 857 634 10 525
NP 212 635 8 655
NP 604 636 6 620
SP 457 637 5 828
EP 925 638 3 863 5
SP 445 639 6 343
EP 506 640 2 103 3
EP 99 641 4 136 5
SP 755 642 8 869
EP 415 643 3 306 4
SP 971 644 6 694
EP 712 645 6 482 2
EP 514 646 1 417 1
EP 578 647 6 440 5
SP 919 648 2 870
NP 410 649 2 312
SP 138 650 6 677
NP 671 651 5 309
NP 708 652 7 126
NP 496 653 10 586
SP 5 654 8 364
EP 134 655 7 270 3
NP 367 656 3 876
EP 803 657 9 460 1
NP 642 658 8 346
SP 822 659 1 458
SP 842 660 8 301
NP 344 661 2 165
SP 763 662 5 544
SP 885 663 5 529
SP 287 664 3 822
EP 468 665 7 411 1
EP 244 666 3 156 1
SP 943 667 7 110
EP 519 668 5 470 4
EP 957 669 3 152 1
EP 764 670 5 125 5
SP 348 671 3 228
NP 847 672 7 651
EP 495 673 2 218 5
SP 955 674 3 742
SP 908 675 3 472
EP 662 676 10 405 3
NP 496 677 10 955
NP 849 678 10 878
NP 673 679 1 248
NP 709 680 8 420
NP 761 681 3 675
EP 875 682 3 402 3
SP 681 683 8 547
EP 181 684 3 627 2
NP 554 685 1 300
SP 587 686 8 724
EP 107 687 8 954 3
SP 103 688 7 834
NP 170 689 4 303
SP 164 690 7 330
NP 349 691 10 868
EP 920 692 8 707 1
EP 329 693 10 439 2
EP 923 694 8 365 2
SP 404 695 8 267
NP 146 696 3 667
SP 401 697 4 546
EP 779 698 8 284 3
SP 365 699 7 715
NP 122 700 4 747
SP 445 701 9 569
EP 51 702 10 473 5
EP 531 703 10 680 1
NP 301 704 6 541
EP 650 705 1 453 3
SP 742 706 10 551
EP 444 707 1 250 1
EP 915 708 7 206 1
SP 431 709 9 629
NP 242 710 9 882
EP 324 711 5 560 2
SP 411 712 1 797
EP 33 713 4 320 1
SP 380 714 7 438
EP 566 715 8 444 1
EP 459 716 6 511 4
NP 218 717 5 116
EP 747 718 3 395 2
EP 175 719 4 700 2
NP 106 720 1 486
SP 411 721 1 432
NP 166 722 1 188
NP 770 723 9 827
EP 535 724 4 929 2
NP 346 725 6 812
EP 813 726 1 151 3
SP 454 727 7 629
EP 577 728 6 156 2
NP 530 729 1 887
NP 927 730 8 171
SP 122 731 8 610
NP 914 732 9 988
SP 941 733 3 185
EP 3 734 9 839 3
SP 128 735 3 279
SP 466 736 8 421
SP 520 737 5 717
EP 843 738 2 392 1
NP 333 739 4 897
SP 745 740 3 338
SP 905 741 3 140
NP 612 742 1 142
SP 445 743 6 934
NP 644 744 2 510
SP 794 745 5 719
SP 259 746 1 398
SP 234 747 6 751
NP 394 748 8 808
NP 943 749 9 645
EP 609 750 9 849 2
SP 7 751 9 481
NP 236 752 10 118
SP 840 753 3 417
EP 852 754 8 925 3
EP 381 755 5 140 2
NP 704 756 7 654
NP 223 757 10 231
EP 780 758 9 405 4
NP 148 759 4 518
SP 308 760 10 679
EP 863 761 9 878 5
NP 945 762 7 908
SP 865 763 6 231
EP 6 764 7 880 4
EP 665 765 1 104 2
EP 798 766 7 258 1
NP 388 767 9 344
EP 608 768 5 581 5
NP 995 769 3 297
EP 838 770 5 355 1
SP 773 771 3 812
SP 53 772 8 154
SP 937 773 10 951
SP 838 774 5 111
NP 323 775 4 466
SP 936 776 9 297
SP 779 777 3 300
EP 266 778 7 412 1
NP 922 779 3 176
EP 629 780 7 515 3
SP 729 781 6 365
EP 344 782 8 259 1
SP 243 783 1 545
EP 774 784 5 551 5
SP 340 785 8 791
EP 44 786 4 761 3
EP 601 787 5 658 2
SP 3 788 8 366
SP 815 789 9 458
SP 425 790 3 281
EP 162 791 9 826 5
SP 360 792 7 479
SP 587 793 7 423
NP 969 794 8 517
SP 267 795 4 358
NP 816 796 1 828
NP 536 797 5 776
NP 666 798 8 312
EP 105 799 1 863 4
EP 843 800 5 292 1
EP 692 801 3 402 3
NP 325 802 9 463
SP 722 803 6 944
SP 425 804 10 348
SP 177 805 4 508
EP 299 806 10 478 1
SP 217 807 1 620
SP 803 808 10 521
EP 576 809 9 761 3
SP 846 810 5 661
SP 385 811 9 789
NP 188 812 7 307
SP 593 813 6 896
NP 608 814 5 991
NP 633 815 1 866
EP 958 816 5 359 4
NP 148 817 10 686
EP 666 818 8 677 2
EP 105 819 1 753 4
NP 22 820 1 374
SP 331 821 7 292
NP 563 822 5 123
SP 407 823 6 570
EP 558 824 7 395 4
EP 832 825 1 849 5
SP 288 826 4 710
SP 955 827 8 183
NP 637 828 4 284
NP 830 829 3 785
NP 371 830 9 430
SP 705 831 8 516
EP 528 832 8 627 5
EP 915 833 5 424 5
SP 735 834 3 502
EP 642 835 10 949 3
EP 102 836 2 738 4
SP 920 837 3 741
EP 433 838 8 875 5
EP 190 839 3 264 2
EP 652 840 4 333 3
NP 592 841 4 477
EP 629 842 10 248 2
NP 469 843 10 157
NP 159 844 1 156
EP 527 845 4 702 1
SP 908 846 4 912
SP 390 847 10 523
NP 794 848 3 724
EP 618 849 9 766 5
SP 705 850 6 998
EP 804 851 2 723 2
EP 874 852 6 771 4
SP 238 853 4 573
EP 384 854 1 268 4
SP 37 855 4 104
SP 537 856 10 459
EP 662 857 3 404 4
NP 667 858 9 676
NP 892 859 5 502
NP 380 860 6 747
EP 449 861 6 331 3
SP 623 862 7 234
EP 617 863 9 975 1
NP 978 864 5 229
NP 958 865 7 189
EP 719 866 9 704 1
SP 970 867 3 449
EP 294 868 10 385 3
NP 102 869 4 284
SP 77 870 5 934
SP 945 871 8 406
EP 611 872 5 676 3
SP 893 873 3 566
NP 498 874 8 870
NP 18 875 4 394
NP 133 876 10 139
EP 489 877 6 263 1
SP 679 878 7 384
SP 671 879 5 205
EP 578 880 10 447 1
SP 17 881 4 402
SP 783 882 5 722
EP 426 883 5 641 1
NP 838 884 3 486
SP 134 885 4 730
SP 520 886 10 939
SP 727 887 10 990
EP 965 888 6 972 2
EP 52 889 2 298 5
NP 608 890 9 348
NP 522 891 9 390
NP 520 892 3 183
EP 865 893 8 965 5
EP 528 894 1 561 4
NP 73 895 1 713
EP 411 896 9 981 4
EP 700 897 7 737 4
SP 936 898 7 751
EP 741 899 3 407 2
NP 455 900 1 915
EP 526 901 7 531 3
EP 210 902 5 211 1
EP 168 903 7 117 2
EP 942 904 5 765 4
NP 295 905 4 469
NP 421 906 2 187
NP 720 907 7 280
SP 495 908 6 568
SP 315 909 1 890
SP 511 910 5 565
EP 588 911 4 860 3
EP 724 912 1 735 3
EP 743 913 7 908 4
SP 779 914 10 736
NP 608 915 3 137
NP 36 916 10 861
NP 159 917 9 875
SP 473 918 10 980
EP 235 919 7 830 5
SP 387 920 6 504
SP 546 921 4 385
NP 512 922 7 796
NP 431 923 2 809
NP 113 924 9 924
EP 924 925 9 261 1
NP 313 926 4 864
EP 811 927 5 743 3
EP 241 928 1 437 3
EP 383 929 2 975 2
NP 743 930 1 996
SP 18 931 9 688
EP 280 932 7 893 3
EP 723 933 1 334 5
SP 886 934 10 359
NP 764 935 7 620
SP 166 936 8 959
NP 256 937 7 356
NP 870 938 10 684
NP 483 939 10 123
SP 779 940 8 215
NP 515 941 8 298
SP 923 942 2 357
NP 16 943 4 695
NP 371 944 4 928
SP 115 945 9 434
SP 245 946 5 931
EP 340 947 3 974 3
NP 369 948 6 405
SP 883 949 3 673
SP 782 950 4 515
EP 885 951 5 696 2
SP 579 952 5 583
EP 361 953 10 252 3
NP 716 954 5 766
NP 902 955 7 242
NP 889 956 9 997
SP 954 957 6 884
EP 186 958 4 705 2
EP 361 959 1 195 2
NP 728 960 3 944
SP 134 961 9 687
EP 351 962 8 843 2
SP 201 963 5 525
NP 189 964 3 940
NP 419 965 3 726
EP 377 966 3 954 1
EP 21 967 7 101 5
EP 100 968 1 306 5
EP 77 969 3 701 2
SP 299 970 3 366
EP 737 971 5 194 5
SP 187 972 3 576
SP 227 973 8 144
NP 755 974 7 748
NP 13 975 9 711
EP 854 976 3 402 5
NP 821 977 10 807
SP 912 978 4 999
EP 502 979 5 519 4
NP 219 980 6 105
SP 901 981 6 329
SP 545 982 4 240
EP 970 983 5 112 5
SP 266 984 10 165
SP 3 985 4 479
SP 636 986 2 747
SP 447 987 2 850
SP 851 988 4 551
EP 987 989 8 203 5
EP 300 990 2 957 3
EP 422 991 9 706 3
EP 10 992 7 490 1
SP 595 993 1 746
SP 173 994 8 321
SP 146 995 6 949
SP 568 996 7 275
NP 884 997 5 764
NP 161 998 6 635
EP 668 999 8 344 2
NP 978 1000 3 443

0
