10
120 90

0 505 681 615 660 572 812 515 896 142
982 0 433 671 428 181 714 172 954 695
430 999 0 457 603 499 616 972 750 445
806 779 717 0 167 224 212 532 585 443
527 195 558 854 0 101 383 386 911 524
533 507 468 974 392 0 341 139 843 865
805 595 339 582 886 114 0 729 275 447
125 741 843 988 408 187 546 0 317 320
263 161 198 668 949 431 854 504 0 443
572 209 711 959 673 739 768 772 499 0

10 7
10 11
13 6
11 11
12 6
15 6
7 6
14 8
15 5
9 8

1000
NP 708 1 10 915
EP 250 2 8 196 5
SP 112 3 9 861
EP 738 4 10 735 3
EP 694 5 8 318 2
NP 304 6 1 943
NP 57 7 3 929
EP 906 8 7 652 4
NP 339 9 3 189
EP 340 10 2 183 3
NP 853 11 9 999
SP 976 12 5 308
EP 851 13 5 224 3
EP 811 14 6 355 3
EP 964 15 4 754 2
NP 612 16 10 644
SP 168 17 8 290
EP 593 18 8 922 4
NP 701 19 7 742
NP 203 20 5 941
SP 657 21 7 794
EP 264 22 8 954 1
SP 40 23 1 206
SP 524 24 3 964
NP 970 25 5 672
EP 502 26 10 857 5
SP 840 27 1 221
EP 823 28 4 780 3
EP 704 29 6 551 3
EP 197 30 7 998 5
NP 253 31 6 742
NP 267 32 6 887
NP 363 33 10 694
NP 438 34 8 696
SP 303 35 9 262
SP 494 36 1 115
SP 423 37 9 886
SP 819 38 4 492
SP 701 39 8 156
NP 610 40 7 164
NP 881 41 2 957
SP 74 42 10 831
SP 968 43 2 190
SP 799 44 1 904
NP 311 45 8 433
SP 986 46 5 488
SP 58 47 8 495
NP 376 48 6 778
EP 446 49 6 669 4
SP 73 50 7 874
EP 55 51 5 323 4
NP 338 52 6 747
EP 261 53 7 696 5
EP 241 54 2 164 3
SP 64 55 3 843
SP 786 56 6 857
SP 938 57 3 243
NP 703 58 6 880
SP 464 59 7 113
SP 307 60 3 268
EP 268 61 10 704 5
SP 947 62 1 347
SP 681 63 3 372
EP 966 64 4 758 4
SP 53 65 1 335
EP 391 66 10 998 4
EP 989 67 10 166 4
EP 279 68 7 923 1
NP 127 69 4 143
SP 751 70 6 690
NP 204 71 3 640
NP 805 72 2 637
SP 124 73 2 648
NP 110 74 4 704
SP 480 75 2 502
NP 512 76 3 681
SP 459 77 6 119
EP 822 78 7 429 1
SP 249 79 4 107
NP 313 80 6 909
EP 615 81 1 132 4
NP 128 82 2 655
NP 266 83 4 694
EP 477 84 2 455 3
EP 173 85 4 758 4
SP 831 86 9 964
NP 657 87 10 156
SP 357 88 9 124
NP 619 89 3 593
NP 986 90 8 820
EP 869 91 5 263 4
EP 300 92 8 676 5
EP 699 93 3 153 5
SP 49 94 1 401
SP 871 95 3 292
SP 66 96 3 275
EP 130 97 5 350 5
SP 320 98 10 569
NP 303 99 6 742
NP 244 100 10 296
EP 247 101 10 731 5
NP 978 102 3 352
EP 537 103 3 210 2
SP 498 104 9 989
EP 933 105 6 119 2
EP 86 106 3 123 5
EP 446 107 3 330 1
SP 674 108 2 141
SP 453 109 2 918
NP 132 110 2 162
NP 588 111 9 615
SP 269 112 7 929
SP 552 113 2 581
SP 4 114 9 385
EP 185 115 6 681 5
NP 365 116 4 109
NP 99 117 5 628
SP 465 118 7 588
SP 772 119 2 833
SP 103 120 9 351
EP 154 121 1 150 3
NP 361 122 7 818
NP 930 123 4 347
NP 782 124 4 834
NP 697 125 5 143
SP 39 126 4 858
SP 573 127 3 980
EP 666 128 7 188 5
NP 827 129 5 347
NP 286 130 5 135
SP 238 131 3 583
EP 444 132 6 868 1
NP 169 133 8 615
SP 943 134 3 350
SP 104 135 6 458
SP 37 136 10 240
SP 692 137 10 514
NP 959 138 10 880
SP 827 139 2 555
EP 990 140 8 301 1
SP 455 141 1 602
NP 680 142 2 156
EP 665 143 5 609 3
EP 938 144 6 457 3
SP 737 145 9 657
SP 975 146 7 261
SP 883 147 1 557
SP 348 148 4 355
SP 530 149 10 690
SP 318 150 2 259
SP 514 151 8 867
NP 781 152 6 760
SP 453 153 3 870
NP 930 154 5 419
SP 354 155 2 286
NP 762 156 7 960
EP 915 157 10 127 1
EP 494 158 10 434 2
SP 356 159 4 316
SP 329 160 2 394
EP 370 161 1 746 2
NP 233 162 8 392
SP 631 163 6 505
SP 934 164 8 224
SP 415 165 10 712
EP 684 166 1 503 3
SP 685 167 2 907
EP 139 168 5 796 2
EP 425 169 6 316 3
SP 540 170 4 797
EP 445 171 4 526 1
NP 951 172 9 677
NP 111 173 2 493
EP 862 174 9 134 5
NP 821 175 4 630
EP 302 176 6 890 2
NP 176 177 6 188
SP 308 178 4 237
SP 382 179 8 679
NP 978 180 5 988
NP 171 181 7 838
NP 229 182 2 949
NP 600 183 7 393
NP 122 184 4 701
SP 380 185 10 823
NP 570 186 5 707
NP 547 187 5 387
EP 275 188 5 420 5
SP 314 189 1 368
SP 407 190 6 630
EP 753 191 10 741 5
SP 844 192 6 679
SP 67 193 8 862
SP 832 194 7 339
EP 312 195 5 151 1
SP 54 196 10 400
SP 560 197 6 239
EP 635 198 10 128 2
SP 579 199 7 940
EP 777 200 8 694 3
NP 684 201 7 549
SP 584 202 5 587
EP 462 203 4 776 3
SP 478 204 2 393
SP 66 205 1 419
SP 119 206 4 740
EP 335 207 10 369 3
NP 679 208 2 245
SP 556 209 10 642
EP 546 210 5 526 1
EP 573 211 1 969 2
SP 247 212 10 854
EP 404 213 1 298 1
EP 7 214 10 266 3
NP 422 215 1 301
NP 530 216 5 449
SP 450 217 6 609
SP 304 218 5 926
EP 773 219 1 352 4
SP 415 220 7 223
EP 715 221 1 268 3
EP 612 222 2 467 4
SP 820 223 1 788
SP 312 224 3 758
NP 17 225 9 331
EP 697 226 10 395 1
NP 789 227 4 799
NP 86 228 2 640
SP 966 229 9 595
NP 955 230 5 874
SP 235 231 9 938
SP 693 232 5 171
SP 417 233 2 534
SP 66 234 9 681
EP 399 235 2 299 2
EP 850 236 6 436 4
NP 833 237 1 922
NP 332 238 6 151
SP 173 239 10 964
NP 819 240 8 763
NP 146 241 2 574
NP 424 242 3 308
SP 318 243 2 974
EP 465 244 5 318 5
SP 285 245 4 157
EP 511 246 9 527 2
NP 500 247 3 666
EP 438 248 3 354 3
NP 235 249 1 951
EP 477 250 1 874 5
EP 767 251 1 868 3
EP 648 252 9 337 2
SP 973 253 8 842
SP 241 254 4 218
SP 849 255 3 176
EP 192 256 8 202 2
NP 95 257 8 824
SP 397 258 4 444
SP 848 259 1 622
EP 564 260 2 994 4
NP 39 261 2 777
EP 72 262 2 448 5
SP 803 263 1 323
EP 205 264 8 284 4
EP 88 265 4 610 4
EP 636 266 4 940 5
SP 3 267 2 355
NP 881 268 3 258
EP 25 269 6 148 2
NP 383 270 2 855
NP 287 271 5 400
EP 496 272 3 506 3
EP 703 273 7 107 4
SP 569 274 5 771
SP 622 275 7 314
NP 640 276 7 298
NP 846 277 7 157
EP 440 278 8 513 3
NP 197 279 8 252
SP 544 280 5 954
EP 246 281 1 239 2
EP 330 282 9 890 4
SP 585 283 7 122
NP 954 284 1 577
EP 350 285 4 611 4
SP 683 286 9 122
EP 877 287 9 960 2
SP 945 288 8 898
SP 226 289 4 275
EP 834 290 4 480 2
NP 969 291 5 102
SP 444 292 1 711
NP 691 293 8 826
SP 621 294 7 677
NP 932 295 3 266
EP 328 296 9 164 2
SP 51 297 10 723
SP 839 298 5 417
SP 725 299 5 357
EP 50 300 3 565 5
EP 539 301 6 117 1
EP 428 302 2 524 4
SP 134 303 9 101
EP 52 304 7 595 1
SP 850 305 10 687
NP 94 306 5 171
EP 410 307 8 830 1
NP 240 308 6 142
SP 590 309 4 636
NP 796 310 6 826
EP 121 311 5 626 5
EP 941 312 8 921 4
SP 106 313 8 309
NP 713 314 4 206
EP 865 315 3 631 5
EP 871 316 4 482 5
SP 269 317 2 706
NP 362 318 6 376
SP 77 319 5 935
SP 575 320 2 974
SP 181 321 10 798
EP 689 322 6 413 3
SP 734 323 6 790
SP 219 324 6 685
SP 833 325 6 964
SP 209 326 7 211
NP 372 327 8 171
SP 690 328 10 150
SP 543 329 7 139
SP 15 330 10 461
SP 166 331 6 716
SP 773 332 10 222
SP 483 333 6 279
EP 882 334 9 442 2
SP 38 335 10 249
EP 839 336 8 248 1
NP 595 337 2 885
EP 627 338 5 744 3
EP 973 339 2 999 4
SP 878 340 8 548
EP 456 341 8 520 2
SP 163 342 3 116
EP 161 343 2 996 5
EP 618 344 9 661 5
SP 655 345 4 224
NP 416 346 10 706
NP 218 347 6 128
EP 715 348 6 697 4
NP 196 349 5 420
NP 638 350 1 385
SP 69 351 5 515
NP 414 352 5 174
NP 329 353 4 364
SP 775 354 7 157
SP 363 355 9 378
SP 99 356 10 535
NP 743 357 10 347
EP 70 358 8 581 5
NP 863 359 2 526
SP 212 360 2 967
SP 631 361 6 558
EP 536 362 2 913 1
EP 922 363 5 455 2
SP 850 364 4 222
SP 637 365 9 102
EP 246 366 10 631 5
EP 381 367 9 339 5
SP 682 368 4 883
NP 285 369 1 943
EP 536 370 3 414 1
NP 15 371 6 255
EP 671 372 9 732 2
NP 526 373 1 123
EP 303 374 5 825 4
EP 269 375 9 475 2
EP 575 376 2 179 1
NP 709 377 5 444
SP 293 378 5 682
NP 566 379 7 579
SP 645 380 7 305
EP 505 381 1 818 3
NP 359 382 4 726
NP 940 383 6 802
NP 464 384 4 648
NP 414 385 3 782
EP 224 386 8 908 4
SP 722 387 4 650
EP 648 388 1 693 1
NP 134 389 9 223
SP 418 390 1 213
EP 273 391 10 134 3
SP 97 392 10 589
EP 37 393 8 586 4
SP 376 394 2 920
EP 134 395 1 149 3
SP 852 396 1 171
SP 887 397 7 816
EP 943 398 7 491 2
EP 672 399 4 483 2
EP 858 400 8 353 2
SP 59 401 7 138
SP 520 402 6 130
EP 431 403 6 672 4
SP 934 404 3 674
SP 301 405 4 152
EP 761 406 7 360 1
EP 681 407 2 302 5
SP 919 408 1 727
NP 58 409 5 563
NP 67 410 1 200
SP 850 411 4 456
SP 181 412 7 119
SP 657 413 6 814
SP 702 414 6 307
EP 535 415 3 455 3
EP 153 416 2 919 5
EP 563 417 10 397 5
EP 825 418 5 898 1
EP 671 419 1 833 4
EP 870 420 10 764 1
SP 730 421 4 435
EP 243 422 9 262 1
SP 670 423 3 713
SP 421 424 3 494
NP 563 425 1 354
NP 861 426 8 214
NP 88 427 8 201
SP 45 428 3 275
SP 824 429 3 166
SP 654 430 8 201
SP 488 431 5 827
NP 287 432 9 587
SP 128 433 1 959
SP 835 434 3 250
EP 268 435 8 499 2
SP 288 436 9 678
NP 447 437 1 769
NP 172 438 6 981
SP 584 439 2 645
EP 450 440 5 444 5
EP 694 441 4 803 1
SP 747 442 1 223
NP 367 443 7 535
SP 326 444 1 608
SP 802 445 6 673
EP 598 446 4 765 3
EP 288 447 2 348 2
NP 651 448 2 539
NP 126 449 7 539
NP 338 450 6 764
NP 916 451 9 394
EP 588 452 3 675 2
NP 371 453 5 780
SP 246 454 7 338
NP 94 455 5 313
NP 775 456 6 491
NP 203 457 2 499
NP 786 458 4 162
SP 962 459 5 611
EP 991 460 8 657 3
EP 820 461 2 682 5
NP 635 462 2 920
NP 410 463 2 597
NP 643 464 6 394
NP 169 465 2 721
SP 285 466 5 830
NP 270 467 6 427
SP 302 468 8 472
NP 373 469 10 274
EP 639 470 2 908 3
NP 828 471 2 977
SP 967 472 10 184
EP 60 473 1 263 3
EP 552 474 2 901 1
SP 4 475 1 931
NP 643 476 9 975
EP 210 477 4 458 4
EP 279 478 7 498 2
NP 173 479 5 240
EP 251 480 10 281 5
EP 882 481 1 990 3
NP 730 482 8 583
EP 667 483 6 900 5
NP 314 484 6 295
SP 580 485 4 244
EP 893 486 3 607 2
NP 24 487 5 551
NP 972 488 3 886
EP 151 489 9 518 2
NP 565 490 10 524
EP 64 491 10 326 4
NP 525 492 5 336
SP 207 493 8 442
SP 855 494 1 480
NP 357 495 5 546
SP 628 496 7 185
NP 959 497 4 168
NP 104 498 6 390
NP 488 499 10 454
SP 884 500 9 327
SP 884 501 2 739
NP 402 502 5 407
NP 806 503 3 608
NP 966 504 7 373
SP 140 505 6 916
NP 292 506 9 161
EP 552 507 3 263 1
SP 997 508 10 330
SP 761 509 3 974
EP 410 510 1 318 1
EP 960 511 1 566 1
SP 182 512 2 251
EP 671 513 4 894 1
SP 926 514 4 121
NP 867 515 9 379
NP 9 516 3 962
NP 584 517 5 779
NP 974 518 3 118
NP 3 519 5 418
EP 807 520 6 732 3
EP 633 521 6 545 4
NP 820 522 10 237
SP 14 523 2 301
EP 719 524 2 459 4
NP 793 525 7 186
SP 263 526 1 967
SP 228 527 9 458
SP 875 528 9 340
NP 74 529 5 970
EP 160 530 4 506 4
SP 456 531 9 558
EP 684 532 5 156 4
NP 840 533 9 399
NP 913 534 7 569
NP 648 535 8 557
NP 416 536 6 463
NP 28 537 4 890
NP 197 538 10 355
NP 872 539 9 460
EP 918 540 1 264 4
EP 922 541 10 799 1
NP 790 542 3 304
NP 85 543 3 400
EP 943 544 10 649 5
NP 869 545 4 929
EP 600 546 5 703 5
NP 952 547 6 830
NP 822 548 3 768
EP 921 549 7 158 4
SP 869 550 1 554
EP 118 551 5 854 1
NP 812 552 10 340
SP 823 553 6 222
EP 735 554 8 917 1
SP 51 555 1 553
SP 626 556 5 654
EP 173 557 2 231 3
NP 820 558 5 132
EP 453 559 7 577 4
NP 156 560 8 959
SP 428 561 9 648
SP 949 562 7 589
EP 920 563 3 877 5
SP 572 564 3 979
SP 101 565 6 448
EP 229 566 2 923 3
EP 709 567 9 726 1
SP 179 568 4 454
EP 33 569 4 356 1
SP 442 570 1 688
EP 590 571 2 550 5
EP 134 572 5 946 5
NP 993 573 9 851
EP 958 574 1 331 3
EP 212 575 8 568 1
SP 291 576 2 537
EP 69 577 5 413 5
NP 101 578 3 195
EP 223 579 5 620 2
EP 223 580 8 409 4
SP 8 581 3 449
EP 563 582 7 427 1
NP 475 583 7 342
EP 83 584 1 396 1
SP 532 585 2 121
SP 517 586 2 460
NP 163 587 9 176
EP 842 588 10 327 4
EP 326 589 7 205 2
EP 267 590 2 782 3
EP 625 591 6 109 2
NP 706 592 6 524
EP 187 593 7 657 5
NP 692 594 10 694
EP 56 595 3 873 1
SP 325 596 6 336
EP 796 597 3 641 1
NP 968 598 10 722
SP 40 599 8 410
SP 571 600 6 358
NP 884 601 9 363
EP 715 602 2 895 5
SP 967 603 2 764
EP 607 604 7 552 3
NP 969 605 10 415
EP 624 606 7 493 1
SP 345 607 9 991
SP 341 608 4 573
SP 747 609 6 291
EP 733 610 5 822 1
EP 96 611 7 840 5
SP 739 612 3 898
SP 792 613 7 491
EP 989 614 9 218 3
EP 679 615 6 492 4
EP 364 616 6 499 5
SP 324 617 10 578
SP 318 618 2 124
EP 870 619 7 530 5
SP 193 620 2 751
NP 19 621 1 621
SP 462 622 7 903
EP 588 623 8 607 4
EP 720 624 7 706 1
EP 118 625 10 484 2
NP 953 626 2 313
EP 363 627 9 999 2
NP 794 628 9 488
NP 700 629 1 475
SP 838 630 3 183
NP 85 631 1 944
SP 59 632 5 664
EP 120 633 9 629 4
EP 819 634 6 638 4
SP 60 635 3 463
SP 747 636 4 609
EP 952 637 8 357 2
EP 512 638 2 889 5
NP 923 639 9 369
SP 52 640 9 483
SP 289 641 1 191
SP 10 642 5 145
SP 36 643 3 310
NP 417 644 5 925
NP 430 645 1 964
SP 889 646 7 433
SP 559 647 2 843
NP 143 648 4 397
SP 745 649 5 432
EP 62 650 10 416 2
SP 457 651 1 642
NP 67 652 5 778
SP 98 653 9 198
EP 357 654 4 874 1
SP 914 655 1 225
SP 985 656 4 173
EP 269 657 9 487 2
EP 764 658 10 963 5
NP 898 659 3 894
EP 294 660 6 610 2
EP 661 661 4 983 4
NP 398 662 10 989
SP 697 663 3 938
EP 989 664 5 395 1
EP 669 665 5 294 3
NP 205 666 8 711
EP 983 667 9 310 2
SP 558 668 10 633
SP 912 669 10 108
SP 954 670 8 600
EP 956 671 2 385 5
NP 508 672 7 338
EP 260 673 3 735 1
NP 345 674 7 728
EP 668 675 6 797 2
EP 613 676 2 434 4
SP 512 677 6 129
NP 139 678 8 931
SP 100 679 10 826
EP 149 680 2 767 3
EP 825 681 2 201 4
NP 787 682 1 966
NP 8 683 3 672
NP 355 684 10 653
SP 198 685 6 474
NP 130 686 1 122
EP 533 687 8 879 1
SP 611 688 6 475
NP 628 689 5 593
SP 742 690 2 416
SP 973 691 1 335
EP 639 692 3 910 5
SP 451 693 7 922
SP 977 694 3 953
SP 33 695 3 116
SP 803 696 1 984
SP 315 697 9 312
NP 824 698 4 418
SP 856 699 1 311
NP 23 700 7 444
NP 825 701 3 264
EP 477 702 10 411 2
EP 648 703 9 399 4
NP 753 704 9 766
SP 61 705 6 312
NP 124 706 3 116
SP 761 707 5 885
SP 370 708 1 1000
EP 765 709 7 762 3
SP 859 710 9 324
SP 919 711 9 410
EP 305 712 10 428 1
EP 204 713 9 190 3
EP 928 714 1 639 5
NP 108 715 8 209
NP 968 716 9 618
EP 973 717 3 719 5
SP 361 718 3 200
EP 373 719 5 761 2
EP 385 720 3 674 1
NP 845 721 8 520
NP 636 722 1 768
NP 337 723 4 555
NP 80 724 5 724
EP 663 725 9 539 3
SP 206 726 2 416
NP 544 727 6 777
EP 677 728 7 526 2
NP 5 729 3 557
SP 659 730 2 246
NP 667 731 1 463
EP 52 732 7 662 1
NP 360 733 5 597
NP 250 734 9 254
SP 810 735 3 277
NP 199 736 4 726
EP 395 737 10 523 4
EP 998 738 10 496 5
EP 167 739 1 951 3
SP 125 740 6 732
NP 667 741 5 658
EP 255 742 9 144 2
NP 103 743 1 559
SP 761 744 2 928
SP 566 745 4 284
NP 837 746 8 362
NP 767 747 4 346
NP 899 748 3 519
EP 380 749 8 876 4
NP 761 750 2 861
EP 628 751 7 506 2
EP 92 752 1 480 3
NP 107 753 7 399
NP 151 754 5 125
EP 832 755 8 719 4
EP 525 756 5 966 2
SP 637 757 3 429
EP 248 758 2 388 5
NP 456 759 1 303
SP 649 760 8 944
NP 772 761 2 669
EP 853 762 9 883 4
NP 94 763 8 904
EP 434 764 1 835 5
SP 899 765 2 385
SP 392 766 9 521
NP 730 767 7 267
NP 562 768 10 723
NP 243 769 8 736
EP 568 770 3 965 5
NP 402 771 5 431
EP 302 772 5 542 4
NP 13 773 2 877
SP 336 774 2 793
NP 439 775 5 172
EP 642 776 2 966 5
SP 187 777 4 219
SP 640 778 1 488
NP 202 779 7 357
NP 55 780 4 363
EP 76 781 8 527 3
SP 624 782 9 975
SP 921 783 7 856
EP 611 784 1 666 4
NP 737 785 10 602
NP 281 786 10 834
EP 404 787 1 351 5
NP 480 788 10 708
NP 841 789 2 831
SP 787 790 7 481
SP 226 791 7 924
EP 983 792 6 351 4
SP 772 793 7 137
NP 240 794 7 292
EP 400 795 7 321 4
NP 590 796 6 114
EP 344 797 2 258 5
NP 371 798 1 227
NP 935 799 7 228
SP 818 800 1 697
EP 118 801 7 781 3
SP 212 802 7 146
EP 158 803 8 739 2
NP 105 804 3 768
EP 39 805 5 806 4
SP 257 806 1 176
SP 246 807 5 791
SP 704 808 7 830
NP 840 809 10 165
EP 858 810 9 863 1
SP 374 811 8 989
SP 332 812 1 612
SP 735 813 9 789
EP 236 814 10 578 5
NP 817 815 8 172
SP 278 816 6 257
SP 728 817 5 280
EP 192 818 4 312 2
NP 308 819 7 173
EP 616 820 9 178 3
EP 205 821 4 729 3
EP 574 822 10 867 3
NP 341 823 10 542
SP 832 824 7 707
NP 821 825 4 101
NP 377 826 2 824
EP 784 827 8 888 2
EP 114 828 7 351 4
SP 442 829 1 928
NP 105 830 1 646
NP 280 831 7 695
SP 849 832 7 543
SP 1000 833 7 274
SP 699 834 5 443
SP 104 835 2 144
EP 574 836 3 101 4
EP 559 837 8 942 1
NP 13 838 7 880
NP 10 839 5 495
EP 310 840 9 553 2
NP 318 841 8 988
SP 958 842 8 234
NP 491 843 3 223
EP 75 844 1 284 4
NP 1000 845 3 391
SP 55 846 9 185
EP 869 847 10 562 4
EP 569 848 5 407 3
SP 98 849 2 246
NP 521 850 5 293
EP 232 851 1 228 4
EP 552 852 9 950 4
EP 632 853 1 242 5
SP 75 854 8 671
NP 525 855 9 286
EP 187 856 5 437 2
NP 808 857 3 676
SP 251 858 3 406
NP 159 859 5 998
SP 155 860 9 798
SP 477 861 4 839
SP 521 862 6 163
EP 22 863 1 372 4
EP 241 864 3 320 3
NP 833 865 2 313
EP 143 866 3 860 5
SP 99 867 9 400
NP 30 868 8 547
NP 612 869 9 596
SP 702 870 8 562
EP 469 871 4 503 2
SP 134 872 9 936
NP 805 873 3 923
EP 346 874 5 623 5
SP 214 875 2 334
EP 233 876 2 292 1
EP 901 877 5 178 1
NP 53 878 4 163
EP 970 879 7 939 5
SP 415 880 3 423
NP 72 881 8 109
EP 214 882 10 253 2
EP 279 883 2 596 3
NP 132 884 10 842
SP 820 885 8 938
SP 727 886 7 483
EP 287 887 8 785 3
NP 832 888 2 920
SP 67 889 3 837
SP 625 890 2 575
EP 12 891 9 376 2
EP 344 892 6 263 4
SP 798 893 9 736
NP 683 894 1 849
EP 885 895 2 102 5
NP 956 896 2 872
SP 580 897 5 533
NP 627 898 8 118
EP 172 899 4 243 3
NP 416 900 5 940
EP 234 901 3 272 5
SP 594 902 1 580
SP 157 903 6 442
NP 69 904 1 217
SP 12 905 5 779
NP 266 906 10 485
NP 459 907 2 876
SP 947 908 5 501
SP 968 909 1 332
EP 629 910 9 867 2
NP 783 911 2 902
EP 734 912 5 240 1
NP 355 913 4 311
SP 953 914 2 900
NP 425 915 6 497
SP 795 916 7 545
EP 814 917 3 744 5
SP 996 918 10 344
SP 633 919 3 975
NP 849 920 6 975
NP 151 921 8 615
SP 132 922 6 475
SP 230 923 7 610
SP 945 924 3 982
SP 479 925 2 916
EP 819 926 8 753 2
NP 195 927 3 722
NP 442 928 10 909
SP 556 929 7 277
NP 663 930 7 634
NP 568 931 6 646
NP 223 932 7 950
EP 407 933 9 138 4
SP 435 934 9 321
EP 535 935 10 461 1
SP 856 936 7 415
NP 165 937 7 113
SP 611 938 6 501
NP 387 939 9 419
EP 854 940 10 589 2
SP 496 941 10 459
NP 636 942 3 520
EP 498 943 10 559 5
NP 232 944 5 719
NP 410 945 8 428
EP 346 946 9 427 2
NP 823 947 10 664
NP 475 948 4 175
NP 202 949 4 451
EP 81 950 1 982 3
NP 670 951 5 900
SP 454 952 8 501
SP 50 953 9 218
NP 311 954 3 486
NP 960 955 5 817
NP 363 956 3 496
NP 200 957 1 699
NP 411 958 1 418
EP 337 959 9 724 2
NP 142 960 5 375
NP 591 961 2 248
NP 395 962 4 218
NP 692 963 6 161
EP 659 964 4 900 5
NP 27 965 8 697
NP 619 966 7 107
NP 413 967 3 508
SP 178 968 10 389
SP 259 969 3 476
EP 351 970 1 708 5
EP 219 971 1 626 5
SP 90 972 7 600
EP 30 973 6 166 5
EP 228 974 5 426 3
SP 136 975 5 563
NP 874 976 10 827
EP 942 977 2 579 1
SP 169 978 3 449
SP 872 979 5 598
SP 840 980 3 773
NP 72 981 2 204
EP 489 982 9 796 3
NP 389 983 8 997
SP 14 984 10 899
NP 646 985 7 354
SP 137 986 10 454
EP 398 987 8 964 1
SP 443 988 1 201
NP 438 989 5 755
NP 984 990 3 734
EP 283 991 4 542 2
EP 95 992 9 812 2
EP 230 993 4 626 2
SP 276 994 9 940
NP 557 995 8 761
SP 982 996 9 160
EP 413 997 9 319 1
SP 683 998 6 658
SP 361 999 3 903
EP 183 1000 2 528 2

0
