1
120 90

0

10 14

1000
EP 935 1 1 341 2
EP 679 2 1 670 4
EP 136 3 1 161 4
EP 20 4 1 432 2
EP 168 5 1 707 5
EP 22 6 1 717 3
EP 621 7 1 710 4
EP 422 8 1 709 2
EP 521 9 1 855 4
EP 245 10 1 505 2
EP 578 11 1 456 5
EP 191 12 1 105 2
EP 257 13 1 605 3
EP 664 14 1 526 3
EP 986 15 1 193 1
EP 751 16 1 478 3
EP 886 17 1 739 5
EP 101 18 1 197 1
EP 38 19 1 529 3
EP 429 20 1 257 1
EP 646 21 1 346 5
EP 205 22 1 181 5
EP 285 23 1 469 4
EP 648 24 1 465 5
EP 988 25 1 337 4
EP 4 26 1 274 2
EP 838 27 1 685 1
EP 297 28 1 485 4
EP 620 29 1 994 1
EP 687 30 1 520 3
EP 343 31 1 306 3
EP 927 32 1 511 1
EP 421 33 1 103 4
EP 762 34 1 329 3
EP 143 35 1 515 4
EP 296 36 1 246 4
EP 182 37 1 130 1
EP 843 38 1 716 2
EP 908 39 1 968 4
EP 613 40 1 803 3
EP 754 41 1 616 5
EP 359 42 1 743 2
EP 254 43 1 765 2
EP 299 44 1 980 1
EP 795 45 1 991 2
EP 602 46 1 497 5
EP 742 47 1 312 4
EP 745 48 1 480 1
EP 121 49 1 248 3
EP 625 50 1 453 4
EP 164 51 1 319 3
EP 433 52 1 266 3
EP 944 53 1 773 3
EP 614 54 1 360 3
EP 368 55 1 739 5
EP 93 56 1 707 1
EP 926 57 1 282 1
EP 106 58 1 805 2
EP 404 59 1 994 3
EP 732 60 1 1000 2
EP 462 61 1 727 4
EP 327 62 1 783 2
EP 216 63 1 718 2
EP 170 64 1 772 2
EP 225 65 1 231 5
EP 859 66 1 543 3
EP 337 67 1 962 3
EP 535 68 1 705 5
EP 177 69 1 151 5
EP 759 70 1 822 3
EP 792 71 1 713 2
EP 493 72 1 436 2
EP 839 73 1 251 5
EP 738 74 1 826 2
EP 575 75 1 731 2
EP 17 76 1 933 4
EP 713 77 1 447 5
EP 619 78 1 393 1
EP 883 79 1 855 3
EP 471 80 1 681 5
EP 864 81 1 515 5
EP 508 82 1 945 2
EP 777 83 1 137 4
EP 445 84 1 835 2
EP 493 85 1 742 1
EP 460 86 1 850 2
EP 107 87 1 829 5
EP 913 88 1 779 1
EP 230 89 1 503 3
EP 485 90 1 129 5
EP 742 91 1 458 2
EP 469 92 1 813 2
EP 524 93 1 480 2
EP 321 94 1 873 1
EP 777 95 1 876 1
EP 166 96 1 126 2
EP 636 97 1 577 5
EP 158 98 1 932 4
EP 344 99 1 461 4
EP 588 100 1 542 5
EP 499 101 1 684 1
EP 91 102 1 874 4
EP 268 103 1 892 3
EP 56 104 1 111 4
EP 964 105 1 237 3
EP 881 106 1 851 3
EP 540 107 1 859 5
EP 613 108 1 534 2
EP 681 109 1 246 5
EP 976 110 1 440 4
EP 449 111 1 466 3
EP 236 112 1 406 4
EP 161 113 1 772 1
EP 887 114 1 383 3
EP 979 115 1 205 3
EP 13 116 1 686 1
EP 419 117 1 413 5
EP 837 118 1 137 1
EP 364 119 1 835 2
EP 457 120 1 722 4
EP 217 121 1 271 1
EP 360 122 1 909 1
EP 909 123 1 128 1
EP 535 124 1 206 4
EP 943 125 1 481 4
EP 764 126 1 861 3
EP 937 127 1 349 1
EP 374 128 1 148 1
EP 141 129 1 658 1
EP 458 130 1 846 3
EP 737 131 1 170 1
EP 957 132 1 711 5
EP 862 133 1 515 4
EP 468 134 1 905 4
EP 785 135 1 137 4
EP 881 136 1 963 1
EP 433 137 1 273 4
EP 554 138 1 118 5
EP 478 139 1 345 4
EP 809 140 1 726 2
EP 896 141 1 705 4
EP 921 142 1 530 4
EP 634 143 1 790 1
EP 765 144 1 133 5
EP 934 145 1 234 4
EP 970 146 1 983 5
EP 385 147 1 823 5
EP 141 148 1 256 1
EP 394 149 1 802 3
EP 152 150 1 325 5
EP 663 151 1 778 3
EP 84 152 1 212 4
EP 287 153 1 320 1
EP 935 154 1 959 3
EP 925 155 1 192 3
EP 507 156 1 560 3
EP 570 157 1 365 5
EP 5 158 1 817 2
EP 767 159 1 921 3
EP 69 160 1 493 2
EP 751 161 1 202 1
EP 640 162 1 811 1
EP 49 163 1 233 5
EP 512 164 1 685 1
EP 711 165 1 239 4
EP 746 166 1 929 5
EP 68 167 1 945 2
EP 117 168 1 638 2
EP 848 169 1 278 5
EP 222 170 1 821 1
EP 653 171 1 305 5
EP 373 172 1 856 2
EP 948 173 1 665 2
EP 891 174 1 664 2
EP 605 175 1 794 5
EP 553 176 1 780 1
EP 636 177 1 160 2
EP 362 178 1 342 5
EP 261 179 1 708 2
EP 344 180 1 240 5
EP 149 181 1 205 4
EP 184 182 1 841 4
EP 912 183 1 172 1
EP 369 184 1 153 5
EP 674 185 1 336 5
EP 880 186 1 451 5
EP 886 187 1 114 3
EP 2 188 1 276 2
EP 504 189 1 382 3
EP 427 190 1 705 3
EP 61 191 1 454 2
EP 156 192 1 401 4
EP 466 193 1 173 4
EP 223 194 1 961 2
EP 818 195 1 702 2
EP 729 196 1 1000 5
EP 550 197 1 333 5
EP 823 198 1 637 4
EP 256 199 1 235 4
EP 781 200 1 886 4
EP 361 201 1 655 2
EP 460 202 1 866 4
EP 773 203 1 275 5
EP 356 204 1 572 5
EP 40 205 1 204 2
EP 326 206 1 513 3
EP 504 207 1 254 2
EP 687 208 1 169 2
EP 403 209 1 985 1
EP 345 210 1 243 1
EP 900 211 1 584 4
EP 195 212 1 621 3
EP 262 213 1 702 5
EP 933 214 1 688 3
EP 655 215 1 722 2
EP 784 216 1 938 4
EP 968 217 1 553 1
EP 948 218 1 394 1
EP 591 219 1 733 5
EP 86 220 1 904 5
EP 164 221 1 766 2
EP 794 222 1 977 1
EP 323 223 1 875 5
EP 705 224 1 775 2
EP 106 225 1 335 2
EP 718 226 1 902 5
EP 962 227 1 450 4
EP 298 228 1 367 1
EP 993 229 1 767 5
EP 603 230 1 915 5
EP 935 231 1 209 2
EP 82 232 1 190 5
EP 916 233 1 772 3
EP 708 234 1 109 2
EP 438 235 1 488 5
EP 887 236 1 645 4
EP 385 237 1 692 1
EP 869 238 1 228 4
EP 882 239 1 868 1
EP 88 240 1 715 1
EP 698 241 1 975 2
EP 351 242 1 202 2
EP 809 243 1 963 5
EP 940 244 1 959 3
EP 307 245 1 662 1
EP 64 246 1 406 5
EP 891 247 1 907 3
EP 761 248 1 665 5
EP 381 249 1 505 3
EP 266 250 1 851 4
EP 973 251 1 779 5
EP 217 252 1 927 5
EP 723 253 1 322 3
EP 35 254 1 291 2
EP 657 255 1 784 4
EP 3 256 1 429 2
EP 849 257 1 745 5
EP 718 258 1 702 5
EP 953 259 1 373 1
EP 909 260 1 328 5
EP 789 261 1 781 2
EP 470 262 1 378 1
EP 73 263 1 985 5
EP 783 264 1 924 4
EP 94 265 1 661 3
EP 894 266 1 813 2
EP 120 267 1 325 4
EP 716 268 1 441 2
EP 485 269 1 661 2
EP 173 270 1 993 1
EP 891 271 1 812 4
EP 70 272 1 100 5
EP 696 273 1 457 2
EP 749 274 1 543 5
EP 311 275 1 869 4
EP 610 276 1 772 3
EP 95 277 1 313 5
EP 411 278 1 292 5
EP 924 279 1 196 5
EP 10 280 1 803 1
EP 953 281 1 783 1
EP 407 282 1 781 4
EP 702 283 1 414 2
EP 428 284 1 793 3
EP 839 285 1 127 3
EP 795 286 1 512 4
EP 617 287 1 574 4
EP 486 288 1 219 5
EP 732 289 1 674 4
EP 523 290 1 829 2
EP 447 291 1 786 4
EP 741 292 1 338 2
EP 415 293 1 657 3
EP 577 294 1 717 1
EP 850 295 1 965 2
EP 39 296 1 348 2
EP 663 297 1 635 3
EP 2 298 1 205 3
EP 142 299 1 569 4
EP 722 300 1 183 5
EP 523 301 1 565 3
EP 271 302 1 712 2
EP 594 303 1 122 5
EP 806 304 1 495 4
EP 278 305 1 552 5
EP 701 306 1 119 4
EP 74 307 1 589 1
EP 611 308 1 872 3
EP 380 309 1 662 5
EP 363 310 1 109 4
EP 979 311 1 178 4
EP 815 312 1 379 3
EP 517 313 1 906 1
EP 7 314 1 314 3
EP 34 315 1 838 5
EP 798 316 1 645 5
EP 424 317 1 722 3
EP 712 318 1 228 4
EP 122 319 1 222 4
EP 921 320 1 888 1
EP 744 321 1 435 2
EP 989 322 1 443 1
EP 665 323 1 258 3
EP 946 324 1 449 4
EP 486 325 1 426 1
EP 639 326 1 794 1
EP 464 327 1 690 3
EP 333 328 1 640 3
EP 29 329 1 369 3
EP 463 330 1 530 4
EP 477 331 1 561 5
EP 403 332 1 392 4
EP 951 333 1 396 3
EP 183 334 1 263 1
EP 397 335 1 298 4
EP 58 336 1 334 5
EP 512 337 1 460 4
EP 408 338 1 409 3
EP 703 339 1 188 3
EP 537 340 1 991 1
EP 475 341 1 453 4
EP 510 342 1 316 4
EP 322 343 1 560 4
EP 93 344 1 248 5
EP 106 345 1 772 3
EP 461 346 1 334 2
EP 639 347 1 996 4
EP 197 348 1 111 2
EP 598 349 1 980 5
EP 393 350 1 129 5
EP 937 351 1 775 1
EP 737 352 1 600 2
EP 855 353 1 325 4
EP 396 354 1 362 5
EP 418 355 1 184 1
EP 992 356 1 854 5
EP 546 357 1 770 5
EP 625 358 1 856 3
EP 667 359 1 252 4
EP 939 360 1 506 5
EP 664 361 1 120 3
EP 818 362 1 747 5
EP 511 363 1 413 3
EP 289 364 1 936 5
EP 577 365 1 196 2
EP 639 366 1 161 4
EP 475 367 1 882 3
EP 847 368 1 724 4
EP 205 369 1 675 2
EP 369 370 1 302 1
EP 464 371 1 249 5
EP 757 372 1 120 5
EP 286 373 1 253 5
EP 468 374 1 721 3
EP 943 375 1 360 5
EP 145 376 1 230 5
EP 479 377 1 103 1
EP 173 378 1 294 3
EP 115 379 1 520 1
EP 672 380 1 202 2
EP 469 381 1 935 2
EP 393 382 1 374 2
EP 299 383 1 529 4
EP 31 384 1 617 2
EP 272 385 1 591 4
EP 108 386 1 240 1
EP 135 387 1 678 1
EP 91 388 1 706 4
EP 928 389 1 269 4
EP 17 390 1 606 3
EP 565 391 1 187 3
EP 30 392 1 861 3
EP 280 393 1 215 3
EP 163 394 1 421 3
EP 640 395 1 707 3
EP 814 396 1 413 1
EP 419 397 1 918 5
EP 662 398 1 201 3
EP 998 399 1 872 3
EP 513 400 1 214 1
EP 273 401 1 653 3
EP 793 402 1 981 3
EP 62 403 1 513 3
EP 406 404 1 567 5
EP 422 405 1 696 2
EP 386 406 1 311 3
EP 280 407 1 687 5
EP 605 408 1 220 3
EP 252 409 1 670 4
EP 618 410 1 335 1
EP 160 411 1 203 4
EP 747 412 1 604 5
EP 902 413 1 405 3
EP 952 414 1 201 5
EP 758 415 1 732 4
EP 99 416 1 298 5
EP 433 417 1 709 4
EP 614 418 1 882 3
EP 235 419 1 351 4
EP 257 420 1 564 2
EP 500 421 1 989 3
EP 144 422 1 476 4
EP 708 423 1 959 5
EP 169 424 1 539 3
EP 158 425 1 831 4
EP 915 426 1 235 3
EP 486 427 1 651 3
EP 411 428 1 450 4
EP 555 429 1 230 5
EP 302 430 1 129 5
EP 96 431 1 220 1
EP 199 432 1 234 4
EP 768 433 1 422 1
EP 546 434 1 955 2
EP 802 435 1 829 4
EP 887 436 1 211 1
EP 120 437 1 492 4
EP 80 438 1 564 4
EP 113 439 1 292 4
EP 954 440 1 129 1
EP 636 441 1 598 3
EP 25 442 1 753 2
EP 760 443 1 404 1
EP 701 444 1 661 1
EP 383 445 1 677 2
EP 818 446 1 670 5
EP 165 447 1 410 3
EP 355 448 1 216 2
EP 192 449 1 925 3
EP 399 450 1 575 2
EP 826 451 1 655 1
EP 156 452 1 247 5
EP 18 453 1 953 1
EP 357 454 1 563 2
EP 265 455 1 821 2
EP 47 456 1 999 4
EP 756 457 1 955 4
EP 596 458 1 392 1
EP 394 459 1 626 5
EP 767 460 1 783 2
EP 282 461 1 945 1
EP 57 462 1 513 1
EP 202 463 1 215 4
EP 245 464 1 309 2
EP 495 465 1 499 2
EP 418 466 1 637 5
EP 240 467 1 592 4
EP 216 468 1 435 4
EP 594 469 1 117 5
EP 627 470 1 917 5
EP 581 471 1 599 2
EP 449 472 1 631 4
EP 59 473 1 307 1
EP 577 474 1 438 1
EP 509 475 1 706 3
EP 983 476 1 331 4
EP 500 477 1 788 2
EP 316 478 1 849 3
EP 738 479 1 610 1
EP 104 480 1 569 5
EP 130 481 1 311 1
EP 776 482 1 800 1
EP 86 483 1 362 3
EP 550 484 1 723 2
EP 175 485 1 952 3
EP 298 486 1 302 3
EP 225 487 1 686 3
EP 379 488 1 473 1
EP 71 489 1 654 1
EP 279 490 1 707 2
EP 526 491 1 247 2
EP 503 492 1 954 1
EP 444 493 1 467 1
EP 972 494 1 672 1
EP 721 495 1 169 1
EP 605 496 1 260 5
EP 501 497 1 961 1
EP 521 498 1 767 1
EP 559 499 1 365 2
EP 581 500 1 211 1
EP 56 501 1 806 4
EP 473 502 1 926 1
EP 646 503 1 230 2
EP 165 504 1 833 5
EP 793 505 1 883 3
EP 34 506 1 686 2
EP 156 507 1 207 1
EP 727 508 1 111 2
EP 808 509 1 717 4
EP 781 510 1 381 1
EP 532 511 1 688 3
EP 428 512 1 338 5
EP 216 513 1 154 3
EP 311 514 1 800 2
EP 697 515 1 639 3
EP 21 516 1 937 2
EP 398 517 1 808 2
EP 309 518 1 127 3
EP 642 519 1 593 5
EP 653 520 1 525 4
EP 765 521 1 366 5
EP 742 522 1 784 1
EP 684 523 1 155 1
EP 826 524 1 475 4
EP 505 525 1 464 2
EP 339 526 1 232 1
EP 56 527 1 317 3
EP 188 528 1 114 5
EP 209 529 1 452 5
EP 284 530 1 599 3
EP 454 531 1 779 4
EP 797 532 1 367 5
EP 118 533 1 601 5
EP 817 534 1 698 5
EP 266 535 1 519 3
EP 860 536 1 759 1
EP 675 537 1 665 1
EP 230 538 1 384 3
EP 887 539 1 522 2
EP 426 540 1 256 5
EP 846 541 1 285 2
EP 481 542 1 704 5
EP 386 543 1 929 5
EP 213 544 1 943 3
EP 22 545 1 216 5
EP 80 546 1 660 2
EP 825 547 1 771 1
EP 304 548 1 934 3
EP 481 549 1 849 1
EP 837 550 1 217 2
EP 234 551 1 101 4
EP 975 552 1 476 4
EP 3 553 1 985 3
EP 360 554 1 959 2
EP 545 555 1 791 4
EP 829 556 1 390 3
EP 972 557 1 915 1
EP 216 558 1 422 4
EP 287 559 1 486 2
EP 351 560 1 685 3
EP 740 561 1 449 4
EP 876 562 1 640 2
EP 434 563 1 532 3
EP 74 564 1 107 5
EP 819 565 1 121 5
EP 870 566 1 144 3
EP 594 567 1 456 3
EP 181 568 1 383 2
EP 527 569 1 807 2
EP 818 570 1 551 5
EP 468 571 1 865 5
EP 595 572 1 305 5
EP 218 573 1 596 4
EP 114 574 1 207 5
EP 672 575 1 985 4
EP 407 576 1 285 1
EP 437 577 1 830 5
EP 574 578 1 302 5
EP 198 579 1 974 3
EP 60 580 1 566 1
EP 526 581 1 404 5
EP 745 582 1 970 5
EP 614 583 1 868 5
EP 712 584 1 415 5
EP 651 585 1 207 1
EP 280 586 1 603 4
EP 356 587 1 813 1
EP 584 588 1 731 2
EP 386 589 1 900 5
EP 848 590 1 252 2
EP 311 591 1 721 1
EP 923 592 1 256 3
EP 984 593 1 528 4
EP 856 594 1 835 3
EP 939 595 1 606 5
EP 589 596 1 997 1
EP 113 597 1 651 4
EP 186 598 1 514 3
EP 908 599 1 965 2
EP 697 600 1 413 4
EP 749 601 1 339 5
EP 586 602 1 952 5
EP 624 603 1 364 1
EP 467 604 1 862 3
EP 300 605 1 689 2
EP 750 606 1 669 4
EP 13 607 1 804 1
EP 911 608 1 186 4
EP 783 609 1 879 4
EP 173 610 1 403 4
EP 977 611 1 820 5
EP 538 612 1 930 2
EP 756 613 1 104 4
EP 912 614 1 585 3
EP 870 615 1 770 4
EP 719 616 1 954 5
EP 953 617 1 255 1
EP 73 618 1 218 5
EP 944 619 1 582 3
EP 779 620 1 664 4
EP 128 621 1 102 5
EP 669 622 1 389 4
EP 213 623 1 566 2
EP 970 624 1 841 2
EP 34 625 1 812 3
EP 997 626 1 890 5
EP 127 627 1 455 3
EP 539 628 1 628 3
EP 825 629 1 828 1
EP 646 630 1 948 1
EP 839 631 1 653 3
EP 810 632 1 345 4
EP 131 633 1 701 2
EP 370 634 1 522 4
EP 669 635 1 318 1
EP 547 636 1 850 3
EP 792 637 1 345 5
EP 634 638 1 165 1
EP 275 639 1 924 2
EP 751 640 1 510 2
EP 686 641 1 764 5
EP 830 642 1 261 5
EP 585 643 1 375 2
EP 281 644 1 170 2
EP 927 645 1 975 4
EP 775 646 1 246 2
EP 287 647 1 912 4
EP 240 648 1 752 1
EP 905 649 1 430 2
EP 759 650 1 179 4
EP 703 651 1 572 4
EP 497 652 1 134 4
EP 155 653 1 284 3
EP 291 654 1 895 5
EP 431 655 1 353 4
EP 276 656 1 523 2
EP 89 657 1 710 4
EP 639 658 1 585 3
EP 199 659 1 133 4
EP 291 660 1 257 5
EP 840 661 1 121 3
EP 521 662 1 822 5
EP 597 663 1 968 5
EP 485 664 1 670 1
EP 777 665 1 730 2
EP 508 666 1 177 3
EP 863 667 1 853 1
EP 140 668 1 715 1
EP 864 669 1 545 1
EP 6 670 1 920 4
EP 859 671 1 934 3
EP 951 672 1 507 2
EP 563 673 1 761 5
EP 682 674 1 584 3
EP 178 675 1 984 2
EP 184 676 1 584 4
EP 36 677 1 563 2
EP 146 678 1 201 1
EP 43 679 1 223 4
EP 532 680 1 624 1
EP 508 681 1 932 3
EP 153 682 1 348 2
EP 163 683 1 894 2
EP 812 684 1 496 3
EP 11 685 1 565 5
EP 199 686 1 266 1
EP 500 687 1 339 3
EP 746 688 1 792 2
EP 793 689 1 647 5
EP 721 690 1 455 4
EP 196 691 1 659 2
EP 947 692 1 841 3
EP 899 693 1 795 5
EP 731 694 1 900 4
EP 501 695 1 590 4
EP 355 696 1 875 4
EP 752 697 1 145 1
EP 372 698 1 765 1
EP 517 699 1 971 2
EP 752 700 1 580 5
EP 234 701 1 576 3
EP 463 702 1 667 1
EP 288 703 1 561 4
EP 738 704 1 178 2
EP 737 705 1 295 4
EP 26 706 1 722 1
EP 789 707 1 876 1
EP 367 708 1 635 1
EP 128 709 1 285 3
EP 198 710 1 746 4
EP 871 711 1 531 5
EP 885 712 1 596 2
EP 916 713 1 404 5
EP 382 714 1 568 4
EP 141 715 1 301 1
EP 727 716 1 814 2
EP 419 717 1 983 5
EP 974 718 1 763 1
EP 941 719 1 299 2
EP 299 720 1 592 5
EP 439 721 1 265 1
EP 385 722 1 742 5
EP 117 723 1 633 2
EP 935 724 1 732 1
EP 759 725 1 328 1
EP 135 726 1 335 1
EP 336 727 1 510 2
EP 230 728 1 582 3
EP 119 729 1 989 5
EP 968 730 1 728 2
EP 510 731 1 610 5
EP 838 732 1 889 4
EP 111 733 1 155 5
EP 493 734 1 671 1
EP 798 735 1 180 5
EP 371 736 1 158 4
EP 657 737 1 180 4
EP 389 738 1 886 1
EP 179 739 1 120 1
EP 930 740 1 803 1
EP 637 741 1 412 2
EP 65 742 1 610 4
EP 506 743 1 838 5
EP 104 744 1 898 5
EP 582 745 1 674 5
EP 47 746 1 132 5
EP 462 747 1 609 4
EP 457 748 1 644 5
EP 865 749 1 989 2
EP 521 750 1 981 1
EP 178 751 1 638 1
EP 285 752 1 934 3
EP 413 753 1 590 5
EP 655 754 1 607 4
EP 542 755 1 853 4
EP 34 756 1 450 2
EP 525 757 1 695 2
EP 709 758 1 257 2
EP 723 759 1 904 2
EP 582 760 1 919 3
EP 663 761 1 268 5
EP 535 762 1 188 5
EP 800 763 1 141 2
EP 960 764 1 334 4
EP 761 765 1 643 5
EP 250 766 1 139 1
EP 28 767 1 405 2
EP 884 768 1 412 2
EP 350 769 1 764 4
EP 411 770 1 163 4
EP 716 771 1 358 4
EP 257 772 1 504 1
EP 161 773 1 154 4
EP 108 774 1 433 5
EP 92 775 1 914 5
EP 910 776 1 546 3
EP 102 777 1 199 3
EP 58 778 1 398 1
EP 492 779 1 570 4
EP 314 780 1 822 1
EP 575 781 1 314 1
EP 938 782 1 990 4
EP 951 783 1 662 3
EP 872 784 1 918 4
EP 437 785 1 668 5
EP 196 786 1 979 2
EP 970 787 1 424 5
EP 680 788 1 927 2
EP 321 789 1 823 5
EP 106 790 1 622 3
EP 184 791 1 760 5
EP 535 792 1 893 3
EP 781 793 1 191 3
EP 443 794 1 230 2
EP 129 795 1 862 4
EP 876 796 1 387 3
EP 611 797 1 677 4
EP 290 798 1 729 3
EP 604 799 1 914 1
EP 817 800 1 375 3
EP 606 801 1 250 1
EP 550 802 1 474 2
EP 6 803 1 564 2
EP 44 804 1 417 3
EP 982 805 1 990 4
EP 691 806 1 317 1
EP 307 807 1 913 5
EP 59 808 1 311 4
EP 836 809 1 323 4
EP 955 810 1 864 5
EP 572 811 1 242 2
EP 125 812 1 924 2
EP 680 813 1 923 1
EP 840 814 1 397 5
EP 109 815 1 313 1
EP 112 816 1 656 4
EP 566 817 1 892 5
EP 736 818 1 256 1
EP 554 819 1 215 3
EP 668 820 1 170 5
EP 896 821 1 522 3
EP 849 822 1 954 1
EP 474 823 1 676 4
EP 114 824 1 378 5
EP 645 825 1 400 5
EP 555 826 1 226 2
EP 948 827 1 571 3
EP 212 828 1 497 4
EP 902 829 1 664 5
EP 134 830 1 366 3
EP 268 831 1 897 1
EP 76 832 1 192 3
EP 549 833 1 454 1
EP 60 834 1 230 2
EP 21 835 1 158 3
EP 713 836 1 197 1
EP 25 837 1 559 1
EP 608 838 1 639 4
EP 437 839 1 121 3
EP 331 840 1 920 5
EP 739 841 1 997 3
EP 766 842 1 468 2
EP 999 843 1 103 2
EP 673 844 1 881 5
EP 943 845 1 829 3
EP 415 846 1 818 5
EP 692 847 1 532 1
EP 440 848 1 394 3
EP 157 849 1 285 3
EP 878 850 1 625 2
EP 517 851 1 389 1
EP 632 852 1 950 5
EP 588 853 1 581 1
EP 601 854 1 820 4
EP 103 855 1 641 4
EP 225 856 1 233 3
EP 355 857 1 907 3
EP 692 858 1 603 5
EP 585 859 1 379 2
EP 448 860 1 242 3
EP 126 861 1 314 3
EP 300 862 1 104 4
EP 383 863 1 125 1
EP 66 864 1 846 3
EP 882 865 1 900 3
EP 557 866 1 118 2
EP 942 867 1 298 2
EP 427 868 1 393 4
EP 976 869 1 165 5
EP 968 870 1 653 3
EP 211 871 1 234 3
EP 387 872 1 359 5
EP 612 873 1 527 2
EP 732 874 1 297 5
EP 595 875 1 761 5
EP 306 876 1 194 1
EP 972 877 1 193 2
EP 361 878 1 271 1
EP 455 879 1 695 5
EP 932 880 1 101 4
EP 47 881 1 948 4
EP 241 882 1 337 4
EP 334 883 1 569 4
EP 931 884 1 413 5
EP 607 885 1 143 2
EP 607 886 1 173 1
EP 153 887 1 408 5
EP 473 888 1 990 1
EP 414 889 1 845 4
EP 887 890 1 413 1
EP 201 891 1 897 4
EP 417 892 1 510 2
EP 901 893 1 918 3
EP 872 894 1 151 1
EP 977 895 1 235 1
EP 213 896 1 953 5
EP 789 897 1 515 2
EP 697 898 1 694 4
EP 338 899 1 676 1
EP 795 900 1 429 5
EP 569 901 1 139 2
EP 620 902 1 913 3
EP 159 903 1 433 2
EP 76 904 1 680 3
EP 769 905 1 768 5
EP 850 906 1 526 4
EP 174 907 1 435 4
EP 762 908 1 470 3
EP 428 909 1 159 1
EP 921 910 1 741 2
EP 470 911 1 465 2
EP 692 912 1 279 2
EP 860 913 1 175 5
EP 606 914 1 306 3
EP 703 915 1 521 2
EP 991 916 1 617 4
EP 450 917 1 472 5
EP 564 918 1 585 4
EP 803 919 1 160 2
EP 981 920 1 302 5
EP 200 921 1 691 4
EP 238 922 1 890 4
EP 499 923 1 846 2
EP 167 924 1 453 4
EP 63 925 1 224 4
EP 621 926 1 493 3
EP 66 927 1 738 3
EP 800 928 1 904 3
EP 211 929 1 785 3
EP 19 930 1 184 2
EP 743 931 1 255 2
EP 856 932 1 490 5
EP 276 933 1 803 3
EP 974 934 1 871 2
EP 413 935 1 290 4
EP 209 936 1 997 5
EP 706 937 1 915 2
EP 516 938 1 351 2
EP 291 939 1 246 5
EP 857 940 1 497 4
EP 747 941 1 725 1
EP 485 942 1 499 3
EP 381 943 1 383 1
EP 693 944 1 960 1
EP 399 945 1 999 5
EP 282 946 1 687 2
EP 493 947 1 162 4
EP 801 948 1 879 4
EP 463 949 1 364 1
EP 761 950 1 562 1
EP 746 951 1 725 2
EP 53 952 1 851 5
EP 169 953 1 723 5
EP 624 954 1 288 5
EP 871 955 1 135 2
EP 209 956 1 718 1
EP 152 957 1 391 5
EP 551 958 1 391 3
EP 453 959 1 794 4
EP 518 960 1 974 2
EP 5 961 1 903 3
EP 984 962 1 944 1
EP 506 963 1 146 1
EP 653 964 1 118 3
EP 543 965 1 923 4
EP 423 966 1 455 4
EP 979 967 1 258 4
EP 871 968 1 390 3
EP 225 969 1 795 5
EP 107 970 1 930 5
EP 338 971 1 639 1
EP 332 972 1 338 2
EP 995 973 1 693 2
EP 204 974 1 903 5
EP 962 975 1 791 4
EP 386 976 1 213 2
EP 912 977 1 456 1
EP 15 978 1 762 4
EP 653 979 1 721 4
EP 38 980 1 426 5
EP 319 981 1 509 4
EP 947 982 1 501 1
EP 605 983 1 252 5
EP 426 984 1 849 2
EP 68 985 1 351 3
EP 154 986 1 685 2
EP 351 987 1 842 2
EP 185 988 1 224 2
EP 378 989 1 362 4
EP 752 990 1 739 4
EP 698 991 1 288 3
EP 424 992 1 155 4
EP 566 993 1 364 1
EP 176 994 1 475 5
EP 413 995 1 476 5
EP 81 996 1 809 1
EP 816 997 1 529 5
EP 561 998 1 868 2
EP 555 999 1 434 5
EP 141 1000 1 871 2

0
