10
120 90

0 911 556 322 205 706 998 176 275 973
550 0 259 148 196 712 212 505 183 548
634 695 0 583 312 286 759 980 133 334
539 729 276 0 786 120 295 171 404 235
886 574 950 275 0 174 705 429 297 685
611 150 541 214 815 0 364 806 385 647
599 679 906 662 284 966 0 825 329 196
804 921 563 914 716 202 650 0 746 530
992 538 632 313 661 748 490 272 0 912
109 524 867 702 395 851 406 785 419 0

7 9
13 13
15 9
5 13
8 5
5 6
8 11
5 14
9 8
11 7

1000
NP 612 1 2 570
EP 586 2 5 360 1
EP 882 3 7 471 1
NP 571 4 7 537
SP 425 5 4 577
NP 298 6 2 412
NP 380 7 5 683
NP 526 8 2 627
SP 580 9 7 482
NP 337 10 5 537
SP 825 11 8 530
NP 944 12 1 949
NP 481 13 5 143
NP 332 14 8 858
SP 784 15 5 983
EP 43 16 8 640 1
SP 406 17 1 795
SP 141 18 5 228
NP 939 19 5 391
NP 212 20 6 340
SP 508 21 5 513
NP 347 22 7 872
NP 533 23 3 681
NP 717 24 7 321
NP 796 25 3 755
SP 788 26 10 291
SP 293 27 4 992
NP 161 28 2 284
EP 373 29 7 520 2
EP 773 30 6 422 4
SP 596 31 4 679
EP 417 32 4 969 1
SP 158 33 4 641
EP 179 34 3 753 2
EP 807 35 1 953 4
NP 385 36 3 647
SP 449 37 1 925
SP 339 38 2 454
NP 374 39 2 401
EP 130 40 2 999 2
SP 750 41 8 155
EP 123 42 4 792 1
EP 596 43 4 182 1
NP 692 44 3 190
NP 27 45 2 626
SP 386 46 4 932
NP 290 47 8 338
NP 175 48 10 634
NP 376 49 9 272
SP 216 50 3 870
SP 164 51 4 368
NP 397 52 1 336
SP 888 53 8 347
NP 973 54 4 478
SP 305 55 6 272
EP 331 56 6 597 4
SP 912 57 3 136
NP 745 58 2 687
EP 890 59 4 599 4
EP 873 60 9 980 2
NP 548 61 1 790
SP 811 62 8 767
EP 215 63 1 757 3
SP 216 64 10 771
SP 866 65 8 133
NP 578 66 2 945
EP 755 67 10 495 3
SP 149 68 10 143
SP 714 69 3 533
NP 599 70 3 281
SP 112 71 7 486
NP 689 72 2 252
SP 790 73 1 724
EP 753 74 9 384 3
NP 561 75 1 631
EP 31 76 7 405 1
EP 570 77 6 709 5
SP 207 78 2 717
SP 623 79 7 487
EP 101 80 5 246 4
SP 644 81 1 978
NP 396 82 5 624
NP 670 83 8 716
EP 659 84 2 792 5
NP 623 85 8 789
EP 461 86 3 231 1
EP 14 87 1 425 3
EP 531 88 8 266 2
NP 360 89 1 280
SP 276 90 10 512
EP 95 91 2 966 4
SP 825 92 3 613
EP 222 93 10 909 1
NP 639 94 7 963
EP 881 95 5 166 2
EP 524 96 7 798 5
NP 289 97 1 992
NP 349 98 3 868
EP 396 99 5 435 5
NP 635 100 7 145
EP 779 101 2 913 4
NP 704 102 4 622
SP 334 103 2 385
SP 206 104 10 385
NP 748 105 9 741
EP 422 106 8 462 5
SP 804 107 3 320
EP 628 108 4 559 2
NP 798 109 2 554
EP 670 110 4 365 5
EP 361 111 6 249 2
EP 177 112 5 657 1
SP 128 113 4 643
NP 899 114 6 490
SP 588 115 4 137
NP 699 116 8 485
SP 28 117 8 598
NP 992 118 4 132
SP 656 119 7 484
SP 444 120 1 893
SP 395 121 7 669
NP 1000 122 6 885
NP 230 123 9 287
EP 675 124 8 672 2
EP 562 125 6 238 1
NP 161 126 3 905
SP 974 127 2 713
EP 552 128 3 892 4
SP 383 129 6 795
NP 874 130 1 980
NP 477 131 5 566
NP 555 132 1 564
EP 374 133 8 352 2
EP 937 134 2 752 4
NP 989 135 6 324
SP 159 136 9 602
EP 705 137 9 526 4
EP 667 138 7 403 2
SP 515 139 2 793
EP 397 140 9 182 5
SP 740 141 2 624
EP 271 142 1 571 1
NP 822 143 3 983
NP 511 144 4 706
SP 668 145 4 857
NP 289 146 2 106
EP 88 147 4 878 2
SP 436 148 7 981
SP 752 149 8 420
NP 294 150 3 835
SP 243 151 9 312
EP 1 152 7 324 5
EP 11 153 5 525 2
EP 354 154 1 956 3
EP 841 155 2 646 5
SP 676 156 3 632
EP 609 157 8 560 3
NP 68 158 5 990
NP 930 159 1 784
SP 468 160 3 758
NP 341 161 6 755
EP 865 162 4 183 1
NP 325 163 10 462
EP 787 164 1 491 3
NP 225 165 9 120
NP 743 166 10 182
EP 16 167 1 460 1
NP 724 168 6 965
EP 876 169 7 839 4
EP 299 170 4 570 2
EP 709 171 10 812 2
NP 394 172 5 971
EP 526 173 2 886 5
NP 207 174 8 409
SP 62 175 8 769
NP 675 176 9 121
EP 578 177 9 876 4
NP 486 178 10 507
SP 79 179 9 426
SP 457 180 5 366
NP 511 181 10 107
NP 372 182 8 190
SP 524 183 6 426
NP 102 184 10 616
NP 267 185 1 625
EP 593 186 10 945 3
NP 855 187 9 424
EP 363 188 1 739 4
NP 948 189 4 590
EP 337 190 8 630 5
SP 297 191 10 929
EP 340 192 10 227 1
NP 862 193 8 208
NP 342 194 1 469
SP 887 195 5 912
SP 662 196 7 668
SP 693 197 7 908
EP 11 198 7 918 2
SP 27 199 7 729
SP 608 200 10 492
EP 591 201 8 925 3
EP 240 202 8 803 5
EP 606 203 1 350 5
NP 440 204 9 462
EP 363 205 3 522 3
NP 441 206 4 122
EP 921 207 7 356 4
NP 185 208 8 169
EP 399 209 2 629 5
SP 795 210 4 414
EP 942 211 6 685 2
SP 586 212 5 427
EP 310 213 1 268 1
NP 976 214 6 854
EP 21 215 6 428 4
EP 515 216 8 186 3
EP 32 217 9 241 4
SP 492 218 8 538
NP 231 219 3 708
NP 771 220 9 366
EP 135 221 5 755 2
EP 872 222 7 573 2
NP 823 223 1 994
SP 618 224 8 351
EP 339 225 9 308 3
SP 795 226 1 549
EP 893 227 2 660 1
SP 946 228 6 871
NP 522 229 7 522
EP 680 230 5 852 3
SP 875 231 1 993
SP 108 232 6 935
EP 100 233 5 576 5
EP 303 234 3 843 2
EP 909 235 9 491 1
SP 572 236 9 876
SP 342 237 3 321
SP 106 238 4 978
NP 364 239 9 955
SP 85 240 7 739
SP 470 241 7 168
EP 272 242 6 156 2
SP 665 243 7 448
SP 33 244 1 669
NP 928 245 9 941
NP 440 246 7 689
EP 728 247 10 425 5
NP 790 248 4 158
SP 386 249 3 608
EP 72 250 6 887 3
EP 498 251 7 596 2
SP 440 252 2 222
SP 727 253 5 188
SP 716 254 5 619
NP 994 255 5 420
SP 606 256 1 489
SP 869 257 5 662
SP 56 258 3 237
SP 569 259 7 311
SP 731 260 7 693
SP 424 261 3 754
EP 496 262 8 587 4
SP 610 263 3 481
EP 1000 264 7 685 2
EP 459 265 9 815 4
NP 570 266 6 915
SP 190 267 4 337
SP 5 268 7 629
NP 459 269 8 870
EP 203 270 10 580 4
NP 148 271 3 354
EP 383 272 4 723 2
NP 768 273 1 606
NP 292 274 3 306
NP 344 275 6 464
EP 464 276 10 213 5
EP 821 277 8 370 2
NP 654 278 6 850
SP 782 279 3 546
NP 992 280 2 796
EP 34 281 6 794 2
NP 17 282 3 231
NP 271 283 4 685
NP 169 284 6 835
EP 315 285 6 217 2
EP 232 286 5 857 2
EP 216 287 8 112 4
EP 854 288 10 981 2
EP 191 289 6 818 3
SP 268 290 1 473
SP 741 291 4 785
NP 882 292 6 641
NP 898 293 5 790
NP 521 294 7 119
EP 595 295 10 127 5
NP 515 296 4 862
EP 214 297 3 278 2
SP 532 298 8 441
EP 686 299 8 102 5
EP 721 300 5 726 5
SP 110 301 10 711
NP 967 302 7 465
NP 140 303 9 205
EP 654 304 5 507 5
EP 643 305 5 642 2
NP 596 306 5 604
SP 257 307 4 285
SP 888 308 4 863
SP 476 309 4 406
NP 715 310 8 707
SP 101 311 10 180
EP 534 312 5 430 4
EP 770 313 1 772 1
EP 465 314 8 986 1
SP 122 315 5 833
EP 150 316 9 625 5
SP 791 317 10 821
SP 554 318 2 611
EP 787 319 8 537 1
NP 303 320 4 212
SP 495 321 9 933
NP 476 322 6 129
EP 331 323 3 449 2
SP 616 324 7 316
NP 875 325 10 941
NP 175 326 9 656
NP 846 327 8 316
NP 998 328 3 171
NP 112 329 3 973
EP 368 330 7 288 3
SP 459 331 4 733
SP 403 332 10 287
EP 903 333 4 209 1
EP 661 334 3 517 3
EP 240 335 3 779 3
SP 987 336 5 398
EP 791 337 9 960 1
SP 36 338 1 820
NP 190 339 5 591
NP 919 340 6 682
NP 971 341 10 775
EP 430 342 5 841 2
EP 777 343 6 419 5
SP 76 344 7 691
NP 33 345 10 255
NP 343 346 5 497
NP 549 347 4 364
EP 756 348 3 958 5
EP 351 349 7 939 5
SP 354 350 9 618
NP 656 351 3 571
NP 274 352 9 246
EP 185 353 10 499 4
EP 29 354 2 396 3
SP 97 355 9 485
EP 133 356 7 897 5
NP 574 357 3 838
EP 607 358 1 394 1
SP 837 359 6 954
NP 941 360 7 659
NP 946 361 10 204
SP 703 362 4 336
NP 665 363 3 653
NP 484 364 6 374
EP 111 365 3 287 4
NP 368 366 2 512
EP 914 367 8 942 1
SP 478 368 1 661
NP 183 369 7 308
SP 681 370 9 554
EP 767 371 2 574 5
EP 828 372 10 987 1
NP 200 373 10 214
NP 807 374 3 685
NP 492 375 10 220
EP 750 376 2 280 1
SP 951 377 7 876
NP 714 378 6 151
SP 275 379 3 886
NP 880 380 7 683
NP 923 381 4 249
NP 811 382 3 372
NP 605 383 2 770
EP 373 384 6 470 2
EP 129 385 5 540 1
NP 213 386 7 804
NP 113 387 9 537
EP 752 388 4 482 2
SP 894 389 10 653
EP 611 390 4 970 3
NP 429 391 7 651
EP 567 392 7 796 5
SP 889 393 1 229
NP 481 394 7 770
SP 985 395 9 691
SP 284 396 2 963
EP 822 397 7 482 3
SP 891 398 5 501
NP 447 399 7 551
EP 829 400 2 168 5
EP 533 401 7 384 2
SP 142 402 5 320
SP 657 403 1 524
EP 340 404 2 946 4
NP 647 405 3 747
EP 481 406 9 787 4
EP 861 407 6 834 5
NP 544 408 2 706
EP 9 409 3 914 1
EP 880 410 4 830 2
EP 836 411 7 639 4
SP 247 412 7 658
NP 80 413 8 350
EP 831 414 1 428 5
EP 104 415 3 684 1
NP 833 416 3 278
NP 604 417 4 638
SP 357 418 3 776
EP 417 419 4 899 4
NP 664 420 8 176
EP 82 421 3 260 3
SP 813 422 6 348
NP 109 423 1 176
SP 917 424 10 351
NP 762 425 3 514
NP 408 426 4 794
SP 514 427 2 594
EP 532 428 1 448 1
SP 887 429 3 255
NP 327 430 7 381
SP 88 431 4 266
EP 677 432 5 496 4
EP 265 433 2 584 1
SP 716 434 4 560
SP 701 435 7 650
NP 352 436 5 727
NP 603 437 9 792
NP 990 438 3 230
SP 779 439 8 175
SP 159 440 6 991
EP 553 441 4 958 1
EP 937 442 7 802 3
NP 449 443 9 855
EP 784 444 5 357 2
SP 190 445 10 802
EP 61 446 7 821 2
NP 499 447 3 230
SP 255 448 3 789
SP 824 449 1 423
SP 415 450 8 715
NP 278 451 3 842
NP 874 452 2 156
EP 632 453 3 519 1
EP 220 454 10 538 1
NP 353 455 7 353
EP 769 456 2 777 5
SP 805 457 7 842
EP 143 458 7 740 4
EP 266 459 1 593 3
SP 149 460 4 173
SP 450 461 6 964
EP 984 462 6 907 2
SP 308 463 1 791
EP 66 464 5 724 3
NP 414 465 10 779
NP 197 466 4 486
SP 652 467 1 503
NP 34 468 8 640
SP 27 469 1 331
EP 97 470 2 368 4
EP 782 471 5 924 2
NP 236 472 3 365
EP 447 473 2 153 2
EP 731 474 8 641 3
SP 470 475 3 554
NP 709 476 3 721
EP 680 477 10 735 4
SP 464 478 7 317
NP 73 479 5 382
EP 536 480 3 620 2
SP 794 481 2 570
EP 489 482 1 746 5
EP 797 483 5 587 5
SP 495 484 9 184
EP 645 485 9 186 4
NP 787 486 5 415
SP 91 487 1 910
SP 53 488 4 812
EP 191 489 1 616 4
EP 792 490 9 744 1
SP 830 491 4 330
SP 798 492 2 859
SP 593 493 2 388
NP 963 494 9 228
SP 530 495 9 551
NP 112 496 4 477
EP 104 497 5 793 2
SP 163 498 6 311
EP 126 499 9 676 3
EP 469 500 10 972 1
SP 712 501 6 897
EP 211 502 2 127 1
SP 41 503 10 316
NP 84 504 9 920
EP 463 505 8 790 5
EP 633 506 2 380 3
NP 351 507 2 943
EP 756 508 1 307 1
NP 871 509 2 973
EP 320 510 4 945 2
SP 188 511 2 398
EP 609 512 9 949 3
EP 202 513 4 194 4
NP 101 514 2 230
EP 723 515 7 395 5
NP 986 516 3 491
NP 206 517 6 788
SP 257 518 7 850
SP 704 519 7 428
EP 167 520 7 930 4
SP 783 521 10 927
SP 373 522 7 684
NP 105 523 6 963
NP 413 524 2 521
EP 510 525 1 962 5
SP 355 526 5 344
NP 387 527 10 674
NP 444 528 1 945
SP 322 529 9 739
EP 179 530 9 874 1
EP 535 531 5 942 3
SP 385 532 5 255
EP 342 533 3 493 5
EP 926 534 8 643 4
EP 486 535 4 316 5
NP 966 536 2 831
EP 189 537 5 163 3
EP 883 538 6 504 4
NP 584 539 4 212
SP 168 540 7 540
NP 912 541 5 160
SP 337 542 6 161
SP 157 543 2 362
NP 451 544 1 462
NP 602 545 2 134
NP 857 546 9 343
EP 330 547 4 702 1
SP 493 548 2 726
NP 258 549 5 188
SP 697 550 10 839
NP 487 551 7 143
SP 159 552 7 945
EP 691 553 3 271 3
NP 331 554 6 855
EP 536 555 7 804 5
EP 722 556 10 945 1
NP 400 557 6 887
NP 695 558 1 451
NP 899 559 10 431
NP 220 560 9 394
EP 377 561 6 930 4
EP 487 562 7 763 4
SP 974 563 8 629
EP 275 564 2 288 4
SP 85 565 1 555
NP 401 566 9 801
SP 869 567 2 180
SP 404 568 6 895
EP 984 569 4 171 3
EP 469 570 9 256 2
SP 239 571 2 993
SP 481 572 6 637
SP 563 573 7 119
SP 498 574 7 778
NP 5 575 6 359
NP 704 576 2 322
SP 760 577 4 649
SP 303 578 9 919
NP 619 579 6 718
SP 405 580 4 693
EP 182 581 4 305 4
EP 157 582 4 213 4
SP 921 583 5 629
SP 493 584 8 101
NP 990 585 6 234
NP 188 586 2 915
SP 698 587 10 810
EP 753 588 8 204 4
EP 329 589 2 416 5
EP 741 590 6 777 3
EP 292 591 7 524 1
SP 496 592 1 108
EP 31 593 4 784 5
NP 926 594 6 960
SP 953 595 3 221
NP 341 596 9 341
SP 604 597 1 314
EP 528 598 4 846 2
NP 802 599 5 107
EP 462 600 6 385 5
EP 699 601 8 806 1
NP 553 602 1 247
EP 266 603 10 426 1
NP 309 604 1 391
SP 438 605 10 196
SP 26 606 8 904
EP 983 607 1 503 3
EP 575 608 3 810 3
NP 8 609 2 213
SP 371 610 9 419
SP 472 611 1 102
EP 386 612 9 363 3
NP 879 613 5 450
EP 22 614 7 340 2
EP 685 615 5 949 3
SP 202 616 6 440
NP 697 617 3 137
NP 259 618 7 389
SP 322 619 7 556
NP 488 620 10 601
SP 521 621 6 634
SP 837 622 9 880
EP 636 623 7 730 1
NP 229 624 1 625
NP 145 625 10 130
NP 575 626 6 452
SP 154 627 7 382
NP 928 628 1 448
EP 523 629 7 883 3
SP 350 630 2 312
NP 297 631 8 408
SP 256 632 3 797
SP 525 633 5 667
EP 935 634 10 363 5
NP 374 635 4 976
EP 891 636 4 412 3
NP 101 637 7 868
EP 951 638 7 150 1
NP 421 639 10 868
SP 469 640 8 793
NP 418 641 1 814
NP 752 642 6 418
SP 255 643 4 823
SP 342 644 3 869
NP 902 645 3 478
NP 96 646 10 861
SP 681 647 5 515
SP 126 648 7 757
EP 769 649 1 240 5
EP 255 650 4 429 4
EP 562 651 1 366 1
SP 882 652 7 508
SP 196 653 3 145
SP 292 654 2 275
EP 130 655 2 466 4
EP 769 656 8 976 5
SP 250 657 9 521
SP 125 658 2 479
EP 389 659 10 834 1
NP 764 660 5 715
SP 795 661 8 258
NP 86 662 8 514
EP 653 663 7 409 1
EP 465 664 4 118 3
NP 257 665 6 341
SP 423 666 9 911
SP 816 667 8 176
SP 278 668 5 882
SP 379 669 2 971
EP 341 670 4 668 1
NP 329 671 1 796
EP 648 672 2 403 5
SP 46 673 9 559
SP 204 674 4 453
SP 883 675 8 722
SP 430 676 5 792
EP 598 677 4 187 4
NP 259 678 5 929
SP 436 679 2 915
EP 446 680 2 191 2
NP 824 681 9 583
EP 852 682 10 916 1
EP 745 683 1 597 1
SP 251 684 7 698
NP 165 685 3 169
NP 437 686 5 236
NP 950 687 1 269
NP 913 688 9 392
EP 495 689 5 356 4
SP 262 690 9 136
NP 80 691 1 712
EP 372 692 6 416 1
EP 562 693 3 545 1
EP 500 694 9 745 5
SP 397 695 4 397
SP 232 696 3 785
SP 657 697 4 658
NP 326 698 6 565
NP 794 699 7 805
EP 640 700 7 811 5
EP 485 701 9 842 3
NP 475 702 3 813
NP 797 703 2 521
SP 11 704 8 793
EP 216 705 10 776 1
SP 565 706 10 691
EP 591 707 8 492 2
EP 737 708 5 212 5
SP 892 709 10 271
EP 29 710 9 556 1
EP 592 711 1 602 2
SP 368 712 5 620
EP 530 713 6 458 3
EP 923 714 9 978 4
SP 896 715 8 125
EP 979 716 5 191 2
EP 719 717 6 589 5
EP 127 718 2 702 4
SP 319 719 8 966
SP 265 720 8 142
EP 657 721 9 431 4
EP 124 722 5 527 3
SP 442 723 9 527
NP 781 724 8 112
NP 522 725 8 465
EP 193 726 10 570 2
EP 63 727 2 894 5
NP 962 728 6 684
EP 786 729 7 978 2
EP 364 730 2 612 3
NP 760 731 1 121
EP 563 732 2 297 3
NP 263 733 7 421
EP 74 734 10 725 1
EP 118 735 1 414 2
NP 703 736 9 221
NP 540 737 9 353
EP 711 738 6 958 3
SP 514 739 2 880
SP 914 740 8 994
NP 430 741 1 732
SP 292 742 9 409
EP 385 743 10 816 4
EP 908 744 3 646 2
EP 416 745 5 798 5
EP 184 746 1 670 4
NP 519 747 4 400
EP 444 748 6 699 3
SP 542 749 4 963
NP 818 750 5 147
SP 463 751 1 843
NP 227 752 3 426
NP 125 753 3 619
NP 39 754 1 856
NP 383 755 5 597
NP 920 756 7 468
NP 86 757 4 907
EP 419 758 2 436 1
EP 772 759 10 962 2
EP 861 760 2 233 5
EP 158 761 6 348 1
NP 359 762 5 180
EP 62 763 9 517 1
SP 386 764 9 952
EP 864 765 5 172 5
NP 46 766 2 501
EP 334 767 3 220 3
SP 460 768 7 678
SP 966 769 8 576
SP 2 770 8 828
NP 659 771 7 994
NP 680 772 8 581
SP 315 773 3 469
NP 786 774 9 636
NP 105 775 6 939
EP 497 776 4 455 3
SP 527 777 2 984
EP 622 778 10 699 4
EP 298 779 1 121 1
SP 452 780 9 194
NP 693 781 5 537
EP 91 782 3 638 1
EP 106 783 3 795 1
SP 338 784 10 284
SP 484 785 3 889
NP 23 786 2 770
NP 169 787 8 222
NP 890 788 1 323
NP 605 789 5 423
SP 390 790 5 275
EP 790 791 1 555 4
EP 942 792 10 377 5
NP 95 793 7 499
SP 86 794 7 342
NP 130 795 1 329
NP 196 796 10 772
EP 70 797 6 363 1
EP 545 798 10 222 5
NP 272 799 9 381
NP 800 800 7 407
SP 853 801 9 829
SP 495 802 4 807
NP 748 803 8 465
SP 608 804 7 946
NP 699 805 3 188
SP 130 806 3 670
SP 2 807 5 857
SP 847 808 2 623
SP 607 809 10 135
SP 582 810 9 172
EP 516 811 8 313 3
EP 447 812 2 971 5
SP 400 813 5 825
SP 626 814 10 472
SP 363 815 3 549
EP 260 816 6 420 4
SP 739 817 1 584
EP 750 818 9 968 2
NP 218 819 1 470
NP 181 820 10 801
SP 758 821 7 845
NP 205 822 10 797
NP 943 823 6 796
EP 132 824 7 824 5
EP 658 825 1 939 1
EP 569 826 7 429 1
NP 779 827 6 785
EP 270 828 8 514 5
SP 908 829 9 119
EP 520 830 6 819 5
EP 217 831 9 802 2
SP 967 832 3 361
NP 475 833 8 253
SP 490 834 3 759
SP 217 835 8 492
SP 873 836 7 659
NP 831 837 10 167
NP 332 838 4 828
EP 896 839 9 957 3
SP 528 840 7 417
EP 468 841 7 380 3
SP 146 842 9 576
EP 406 843 5 965 1
EP 491 844 6 325 4
EP 160 845 1 661 5
EP 455 846 6 786 5
EP 906 847 4 569 5
NP 987 848 2 411
SP 339 849 10 721
SP 319 850 2 587
SP 543 851 7 145
EP 486 852 7 625 1
NP 284 853 10 445
NP 208 854 10 956
SP 248 855 9 127
EP 4 856 1 406 2
EP 951 857 4 856 3
NP 294 858 7 334
SP 104 859 7 863
NP 202 860 7 407
EP 291 861 10 317 4
SP 106 862 9 779
EP 596 863 6 706 2
SP 272 864 3 553
EP 765 865 10 243 3
EP 210 866 10 281 3
SP 87 867 6 818
NP 197 868 10 481
SP 156 869 10 653
NP 553 870 1 163
EP 402 871 10 770 2
SP 277 872 10 794
EP 737 873 9 859 5
SP 489 874 6 702
NP 6 875 6 546
SP 586 876 10 415
NP 353 877 2 898
NP 825 878 8 699
NP 535 879 4 496
NP 801 880 6 526
NP 826 881 3 826
EP 391 882 10 523 3
SP 938 883 3 996
NP 844 884 9 537
EP 186 885 3 509 4
NP 487 886 2 524
EP 536 887 7 336 4
EP 237 888 2 982 1
NP 592 889 2 319
NP 361 890 7 709
EP 543 891 9 214 1
EP 690 892 7 222 5
EP 20 893 9 417 5
NP 124 894 7 288
NP 311 895 5 675
EP 651 896 1 879 4
NP 591 897 7 584
NP 44 898 4 456
NP 979 899 1 859
EP 183 900 6 474 2
NP 949 901 2 425
EP 354 902 8 522 1
SP 124 903 5 233
SP 798 904 2 699
NP 536 905 2 763
EP 878 906 6 708 1
SP 249 907 7 966
NP 701 908 3 400
EP 887 909 4 900 2
EP 124 910 9 213 2
EP 353 911 9 310 2
SP 668 912 7 327
SP 843 913 10 567
SP 759 914 6 899
SP 988 915 10 213
NP 47 916 10 601
NP 425 917 8 159
EP 535 918 9 983 4
EP 856 919 8 340 2
EP 969 920 8 835 1
EP 643 921 4 484 2
NP 856 922 7 172
SP 9 923 8 228
SP 362 924 6 672
SP 741 925 9 795
EP 319 926 3 583 2
NP 575 927 2 904
NP 638 928 1 885
EP 594 929 7 578 2
SP 875 930 10 813
SP 491 931 2 616
NP 745 932 2 154
NP 768 933 3 675
NP 831 934 9 126
SP 414 935 5 802
SP 517 936 8 921
SP 461 937 6 238
SP 743 938 4 942
SP 188 939 9 568
NP 309 940 1 320
SP 492 941 8 464
NP 644 942 5 239
EP 695 943 5 375 4
EP 407 944 9 813 4
SP 55 945 2 731
NP 194 946 1 492
NP 212 947 1 252
SP 32 948 9 381
NP 490 949 7 697
NP 362 950 7 789
NP 613 951 1 661
NP 497 952 3 242
SP 280 953 10 197
SP 973 954 5 944
EP 941 955 2 897 5
EP 13 956 4 849 1
SP 683 957 7 914
NP 410 958 1 647
NP 293 959 9 389
SP 767 960 4 339
NP 947 961 10 652
SP 532 962 6 158
EP 663 963 6 719 2
NP 567 964 3 847
NP 77 965 1 303
NP 92 966 5 959
NP 527 967 5 741
SP 548 968 7 406
SP 196 969 1 820
NP 340 970 10 325
NP 383 971 2 960
SP 972 972 5 906
EP 298 973 3 538 3
EP 761 974 5 347 1
NP 323 975 4 585
NP 644 976 8 153
SP 410 977 4 709
NP 246 978 6 823
SP 694 979 3 596
SP 580 980 4 143
SP 299 981 3 690
NP 152 982 10 372
NP 834 983 5 863
NP 318 984 1 711
SP 747 985 1 337
EP 199 986 1 297 5
EP 664 987 3 950 1
EP 372 988 4 609 2
NP 918 989 6 307
NP 292 990 9 627
EP 688 991 8 998 4
NP 100 992 2 929
EP 243 993 3 414 5
NP 810 994 10 435
NP 630 995 10 500
SP 925 996 9 123
SP 819 997 5 186
EP 491 998 1 306 5
SP 939 999 5 133
SP 76 1000 2 506

200
525 381
873 696
477 862
360 856
923 373
573 292
789 245
772 147
586 591
135 538
868 947
231 319
50 645
595 813
37 778
29 26
561 877
957 378
957 663
962 315
666 441
705 614
709 152
743 269
73 210
381 759
718 751
460 529
445 463
670 790
248 235
311 588
186 720
532 288
75 491
16 543
502 524
971 424
668 611
762 368
150 973
717 482
233 801
479 716
226 240
74 995
971 257
704 986
222 949
931 229
847 47
368 884
115 892
701 888
916 837
806 988
996 142
395 931
17 706
118 932
53 960
732 269
558 59
701 220
753 797
591 480
158 860
165 677
38 542
966 352
159 626
998 923
674 165
160 615
436 892
8 390
598 301
821 188
179 626
398 718
296 973
749 946
278 970
968 96
748 843
182 139
609 271
34 776
846 438
309 419
879 188
953 361
358 559
267 591
437 128
393 161
142 502
304 488
470 981
217 148
284 260
454 224
500 548
400 840
314 640
758 95
174 254
571 913
248 772
638 232
774 507
191 157
170 628
790 435
289 918
445 6
329 93
162 214
12 857
681 948
470 27
422 105
960 310
421 447
683 73
769 168
137 146
567 415
896 686
662 874
957 362
855 808
620 36
472 332
604 754
160 824
655 114
131 422
364 876
394 838
232 702
152 357
445 888
263 575
45 94
945 113
236 401
621 690
886 533
225 102
65 302
769 399
545 14
736 149
96 141
365 431
110 851
66 280
963 67
152 526
282 510
719 338
319 340
543 549
648 128
918 405
536 208
546 964
528 281
297 103
41 413
163 879
978 236
210 829
568 602
135 268
45 920
637 126
421 999
291 376
299 414
656 726
295 284
105 728
826 609
837 829
784 682
552 655
899 27
12 499
497 128
549 127
912 218
931 862
320 948
968 779
861 143
962 735
438 431
393 224
